Si (Silicon) - Palik

wavelength (microns), Im(eps)
10, 0.000462587
9.09836, 5.00094e-05
9, 0
8.34586, 6.56657e-05
8, 0.000104725
7.70833, 7.69874e-05
7.16129, 1.88694e-05
7, 0
6.68675, 0
6.27119, 0
6, 0
5.90426, 1.10561e-07
5.57789, 5.15952e-07
5.28571, 9.21343e-07
5.02262, 1.32673e-06
5, 1.36359e-06
4.78448, 1.1179e-06
4.5679, 8.47636e-07
4.37008, 5.77375e-07
4.18868, 3.07114e-07
4.02174, 3.68537e-08
4, 0
3.8676, 0
3.72483, 0
3.59223, 0
3.5, 0
3.46875, 0
3.4188, 0
3.35347, 0
3.3033, 0
3.24561, 0
3.14448, 0
3.04945, 0
3, 0
2.96, 2.20864e-09
2.87565, 7.06763e-09
2.79597, 1.19266e-08
2.72059, 1.67856e-08
2.7144, 1.71965e-08
2.64916, 1.22587e-08
2.5814, 6.8649e-09
2.51701, 1.47105e-09
2.5, 0
2.45575, 0
2.4373, 0
2.39741, 0
2.34177, 0
2.28866, 0
2.2379, 0
2.18935, 0
2.14286, 0
2.0983, 0
2.05556, 0
2.01452, 0
2, 0
1.97509, 0
1.93717, 0
1.90068, 0
1.86555, 0
1.83168, 0
1.8, 0
1.79903, 0
1.76752, 0
1.73709, 0
1.70769, 0
1.696, 0
1.67927, 0
1.65179, 0
1.62518, 0
1.6, 0
1.59942, 0
1.57447, 0
1.55028, 0
1.532, 0
1.52682, 0
1.50407, 0
1.48198, 0
1.46053, 0
1.43969, 0
1.41944, 0
1.4, 0
1.39975, 0
1.3806, 0
1.372, 0
1.36196, 0
1.34383, 0
1.32616, 0
1.30896, 0
1.2922, 0
1.27586, 0
1.25993, 0
1.24439, 0
1.22924, 0
1.21444, 0
1.2, 0
1.2, 0
1.1859, 0
1.17212, 0
1.15866, 0
1.14551, 0
1.144, 0
1.13265, 6.52888e-05
1.127, 9.83064e-05
1.12008, 0.000138486
1.10778, 0.000211127
1.09576, 0.000283769
1.08398, 0.00035641
1.078, 0.00039395
1.07246, 0.000533876
1.06119, 0.000823447
1.05014, 0.00111302
1.03933, 0.00140259
1.033, 0.00157476
1.02873, 0.00183769
1.01835, 0.00248621
1.00817, 0.00313474
0.998201, 0.00378326
0.9919, 0.00419975
0.988424, 0.00453127
0.978836, 0.00545788
0.969432, 0.0063845
0.960208, 0.00731111
0.9537, 0.00797557
0.951157, 0.00829938
0.942275, 0.00944397
0.933558, 0.0105885
0.925, 0.0117331
0.9184, 0.0126304
0.916598, 0.0129107
0.908347, 0.0142079
0.900243, 0.0155052
0.892283, 0.0168024
0.8856, 0.0179095
0.884462, 0.0181281
0.876777, 0.0196193
0.869225, 0.0211106
0.861801, 0.0226019
0.8551, 0.0239703
0.854503, 0.0242286
0.847328, 0.0273647
0.840273, 0.0305007
0.833333, 0.0336367
0.8266, 0.03673
0.826508, 0.0367921
0.819793, 0.0413542
0.8157, 0.044172
0.813187, 0.0441917
0.806686, 0.0442433
0.8051, 0.044256
0.800288, 0.0477365
0.7948, 0.051758
0.793991, 0.0517669
0.787793, 0.0518354
0.7847, 0.05187
0.78169, 0.0541699
0.775681, 0.0588147
0.7749, 0.059424
0.769764, 0.0594836
0.7653, 0.059536
0.763937, 0.0606339
0.758197, 0.0652996
0.756, 0.067104
0.752542, 0.0671583
0.746972, 0.0672469
0.7469, 0.067248
0.741483, 0.0718836
0.738, 0.0749
0.736074, 0.0749307
0.730744, 0.0750165
0.7293, 0.07504
0.72549, 0.0784698
0.7208, 0.082742
0.720311, 0.0827511
0.715206, 0.0828467
0.7126, 0.082896
0.710173, 0.0852076
0.70521, 0.0899836
0.7045, 0.090672
0.700315, 0.0947245
0.6965, 0.098462
0.695489, 0.0984924
0.690728, 0.0986369
0.6888, 0.098696
0.686032, 0.0987806
0.6814, 0.0989238
0.6812, 0.09893
0.676829, 0.103569
0.6738, 0.10682
0.67232, 0.108443
0.66787, 0.113363
0.6666, 0.11478
0.663479, 0.118278
0.6595, 0.122784
0.659145, 0.1228
0.654867, 0.122998
0.6526, 0.123104
0.650645, 0.125407
0.646476, 0.130362
0.6458, 0.131172
0.642361, 0.135333
0.6391, 0.13932
0.638298, 0.140322
0.634286, 0.145374
0.6326, 0.147516
0.630324, 0.155917
0.626411, 0.170501
0.6262, 0.171292
0.622546, 0.171622
0.6199, 0.171864
0.618729, 0.174949
0.614958, 0.184963
0.6138, 0.188064
0.611233, 0.191674
0.6078, 0.19655
0.607553, 0.196575
0.603917, 0.196944
0.6019, 0.19715
0.600324, 0.201593
0.596774, 0.211693
0.5961, 0.213624
0.593266, 0.225756
0.5904, 0.23814
0.589798, 0.23823
0.586371, 0.238743
0.5848, 0.23898
0.582983, 0.231242
0.579634, 0.216852
0.5794, 0.215838
0.576324, 0.229954
0.574, 0.24072
0.573051, 0.246592
0.569815, 0.266763
0.5687, 0.273768
0.566616, 0.267638
0.5636, 0.258688
0.563452, 0.260118
0.560323, 0.290482
0.5585, 0.308332
0.557229, 0.296297
0.554169, 0.267096
0.5535, 0.260672
0.551142, 0.30817
0.5486, 0.359832
0.548148, 0.359972
0.545187, 0.360893
0.5438, 0.361328
0.542257, 0.372582
0.539359, 0.393895
0.5391, 0.395808
0.536491, 0.382976
0.5344, 0.3726
0.533654, 0.370142
0.530846, 0.360834
0.5299, 0.357674
0.528069, 0.39213
0.5254, 0.442762
0.525319, 0.443245
0.522599, 0.459632
0.5209, 0.469952
0.519906, 0.478183
0.517241, 0.500415
0.5166, 0.5058
0.514604, 0.506909
0.5123, 0.5082
0.511993, 0.515791
0.509408, 0.579985
0.5081, 0.61272
0.506849, 0.598113
0.504316, 0.568306
0.504, 0.564564
0.501808, 0.598083
0.4999, 0.627508
0.499325, 0.627966
0.496867, 0.629939
0.4959, 0.63072
0.494432, 0.644991
0.492021, 0.668612
0.492, 0.668822
0.489634, 0.681622
0.4881, 0.689986
0.48727, 0.69844
0.484928, 0.722433
0.4843, 0.728906
0.482609, 0.775019
0.4806, 0.830208
0.480312, 0.827836
0.478036, 0.809022
0.4769, 0.79956
0.475782, 0.881368
0.473549, 1.04594
0.4732, 1.07184
0.471338, 1.07543
0.4696, 1.0788
0.469146, 1.09594
0.466975, 1.17843
0.4661, 1.2119
0.464824, 1.205
0.462693, 1.19339
0.4626, 1.19289
0.460581, 1.19211
0.4592, 1.19158
0.458488, 1.19523
0.456414, 1.20594
0.4558, 1.20913
0.454359, 1.22097
0.4525, 1.23637
0.452323, 1.24484
0.450304, 1.34182
0.4492, 1.39524
0.448304, 1.39823
0.446321, 1.40488
0.446, 1.40596
0.444355, 1.47946
0.4428, 1.54948
0.442407, 1.55948
0.440476, 1.60894
0.4397, 1.62894
0.438562, 1.68688
0.436664, 1.78417
0.4366, 1.78747
0.434783, 1.79634
0.4335, 1.80264
0.432917, 1.82288
0.431068, 1.88746
0.4305, 1.90741
0.429234, 1.95227
0.4275, 2.01417
0.427416, 2.01702
0.425613, 2.07882
0.4246, 2.1138
0.423826, 2.16497
0.422053, 2.28284
0.4217, 2.30645
0.420295, 2.39982
0.4189, 2.49319
0.418552, 2.51054
0.416823, 2.59719
0.4161, 2.63364
0.415108, 2.69562
0.413408, 2.80262
0.4133, 2.80944
0.411721, 2.95891
0.4105, 3.07529
0.410048, 3.12077
0.408389, 3.28862
0.4078, 3.34847
0.406742, 3.43677
0.4052, 3.56636
0.405109, 3.57747
0.40349, 3.77721
0.4025, 3.90003
0.401883, 4.00108
0.400288, 4.26347
0.4, 4.31118
0.398707, 4.50597
0.3974, 4.70413
0.397138, 4.75987
0.395581, 5.09231
0.3949, 5.23853
0.394036, 5.46627
0.392504, 5.87284
0.3924, 5.90042
0.390983, 6.33756
0.3899, 6.67366
0.389474, 6.84411
0.387976, 7.44579
0.3875, 7.63812
0.38649, 8.11854
0.385016, 8.82468
0.385, 8.83218
0.383552, 9.75101
0.3827, 10.2951
0.3821, 10.7678
0.380658, 11.9091
0.3803, 12.1943
0.379228, 13.3207
0.378, 14.6187
0.377808, 14.8754
0.376399, 16.768
0.3757, 17.7118
0.375, 18.8552
0.373612, 21.1358
0.3734, 21.4848
0.372233, 23.6295
0.3712, 25.5405
0.370865, 26.1389
0.369507, 28.5786
0.369, 29.4946
0.368159, 30.8063
0.366821, 32.9065
0.3668, 32.9394
0.365492, 34.4368
0.3647, 35.3492
0.364173, 35.584
0.362864, 36.1705
0.3625, 36.3341
0.361564, 36.3147
0.3604, 36.2904
0.360273, 36.2488
0.358991, 35.8279
0.3583, 35.5998
0.357718, 35.3513
0.356455, 34.8087
0.3563, 34.742
0.3552, 34.2354
0.3542, 33.7722
0.353954, 33.6887
0.352717, 33.267
0.3522, 33.09
0.351488, 32.8961
0.350268, 32.5619
0.3502, 32.5432
0.349057, 32.2666
0.3483, 32.0827
0.347853, 32.0204
0.346658, 31.853
0.3463, 31.8026
0.345472, 31.745
0.3444, 31.6701
0.344293, 31.6642
0.343122, 31.6002
0.3425, 31.566
0.341959, 31.5446
0.340804, 31.4988
0.3406, 31.4906
0.339657, 31.4601
0.3388, 31.4322
0.338518, 31.4405
0.337386, 31.4739
0.3369, 31.4883
0.336262, 31.5118
0.335145, 31.5531
0.3351, 31.5547
0.334036, 31.5965
0.3333, 31.6254
0.332933, 31.6432
0.331839, 31.6965
0.3315, 31.713
0.330751, 31.7884
0.3297, 31.8947
0.32967, 31.8965
0.328597, 31.9614
0.328, 31.9977
0.32753, 32.0571
0.326471, 32.1917
0.3263, 32.2134
0.325418, 32.3275
0.3246, 32.4338
0.324372, 32.464
0.323332, 32.6017
0.3229, 32.6592
0.3223, 32.7757
0.321274, 32.9759
0.3212, 32.9902
0.320254, 33.1284
0.3195, 33.239
0.319241, 33.2984
0.318234, 33.53
0.3179, 33.6072
0.317233, 33.7626
0.3163, 33.9814
0.316239, 33.9957
0.315251, 34.2302
0.3147, 34.3617
0.31427, 34.4898
0.313294, 34.7814
0.3131, 34.8395
0.312324, 35.0881
0.3115, 35.3535
0.31136, 35.408
0.310403, 35.7833
0.31, 35.9417
0.309451, 36.1702
0.308505, 36.5656
0.3084, 36.6095
0.307564, 37.0122
0.3069, 37.3339
0.30663, 37.4771
0.305701, 37.9712
0.3054, 38.1319
0.304778, 38.4965
0.3039, 39.0132
0.30386, 39.0381
0.302948, 39.6064
0.3024, 39.9492
0.302041, 40.1898
0.301139, 40.7963
0.3009, 40.9581
0.300243, 41.4603
0.2995, 42.0316
0.299353, 42.1409
0.298467, 42.8008
0.298, 43.1506
0.297587, 43.48
0.296712, 44.1812
0.2966, 44.2714
0.295842, 44.8544
0.2952, 45.3509
0.294977, 45.4922
0.294118, 46.0401
0.2938, 46.2433
0.293263, 46.4398
0.292413, 46.7521
0.2924, 46.7569
0.291568, 46.7112
0.291, 46.6799
0.290728, 46.4923
0.289893, 45.9136
0.2897, 45.7794
0.289062, 45.0112
0.2883, 44.0879
0.288237, 43.9806
0.287416, 42.5813
0.287, 41.8694
0.2866, 41.1423
0.285788, 39.6623
0.2857, 39.5016
0.284981, 38.2814
0.2844, 37.2916
0.284178, 36.9475
0.28338, 35.7049
0.2831, 35.2671
0.282587, 34.5107
0.2818, 33.3466
0.281797, 33.343
0.281013, 32.2594
0.2805, 31.5482
0.280232, 31.1866
0.279456, 30.1347
0.2792, 29.7862
0.278684, 29.0688
0.278, 28.1124
0.277917, 27.9999
0.277154, 26.9633
0.2768, 26.4813
0.276394, 25.9933
0.275639, 25.081
0.2755, 24.912
0.274889, 24.1643
0.2743, 23.4415
0.274142, 23.2574
0.273399, 22.3908
0.2731, 22.0406
0.27266, 21.5704
0.271926, 20.7812
0.2719, 20.7537
0.271195, 20.0875
0.2707, 19.6182
0.270468, 19.4218
0.269745, 18.8083
0.2695, 18.5997
0.269026, 18.2083
0.2684, 17.6899
0.26831, 17.6303
0.267599, 17.1556
0.2672, 16.8885
0.266891, 16.698
0.266187, 16.2621
0.2661, 16.208
0.265487, 15.9019
0.2649, 15.6078
0.26479, 15.5565
0.264097, 15.2323
0.2638, 15.0928
0.263408, 14.9278
0.262722, 14.6383
0.2627, 14.629
0.26204, 14.3806
0.2616, 14.2145
0.261361, 14.132
0.260686, 13.8983
0.2605, 13.8338
0.260014, 13.6813
0.2594, 13.4877
0.259346, 13.4733
0.258681, 13.2962
0.2583, 13.1944
0.25802, 13.1214
0.257361, 12.9497
0.2572, 12.9074
0.256707, 12.7763
0.2562, 12.641
0.256055, 12.6108
0.255407, 12.4748
0.2551, 12.4101
0.254762, 12.3344
0.254121, 12.1901
0.2541, 12.1854
0.253483, 12.0671
0.253, 11.9743
0.252847, 11.9481
0.252215, 11.8393
0.252, 11.802
0.251587, 11.7297
0.251, 11.6266
0.250961, 11.6207
0.250338, 11.5278
0.25, 11.4771
0.249719, 11.4369
0.249102, 11.3484
0.249, 11.3337
0.248489, 11.2625
0.248, 11.1941
0.247879, 11.1811
0.247271, 11.1158
0.247, 11.0866
0.246667, 11.054
0.246065, 10.995
0.246, 10.9885
0.245467, 10.9472
0.245, 10.9108
0.244871, 10.9002
0.244278, 10.851
0.2441, 10.8361
0.243688, 10.8106
0.243101, 10.774
0.2431, 10.7739
0.242517, 10.74
0.2422, 10.7216
0.241935, 10.7165
0.241357, 10.7055
0.2412, 10.7025
0.240781, 10.6928
0.2403, 10.6817
0.240208, 10.6802
0.239637, 10.6712
0.2394, 10.6674
0.23907, 10.6647
0.238505, 10.6599
0.2384, 10.659
0.237942, 10.6579
0.2375, 10.6568
0.237382, 10.6547
0.236825, 10.6447
0.2366, 10.6406
0.236271, 10.6382
0.235719, 10.6341
0.2357, 10.6339
0.235169, 10.618
0.2348, 10.6068
0.234623, 10.6033
0.234078, 10.5924
0.2339, 10.5888
0.233537, 10.5564
0.2331, 10.5173
0.232997, 10.5056
0.232461, 10.4447
0.2322, 10.4149
0.231926, 10.3738
0.231395, 10.2935
0.2313, 10.2791
0.230865, 10.1914
0.2305, 10.1175
0.230338, 10.079
0.229814, 9.9539
0.2296, 9.90277
0.229291, 9.82763
0.2288, 9.70751
0.228772, 9.70059
0.228254, 9.5741
0.2279, 9.4872
0.227739, 9.44198
0.227226, 9.29751
0.2271, 9.26185
0.226716, 9.15593
0.2263, 9.04096
0.226207, 9.02133
0.225702, 8.91372
0.2254, 8.84936
0.225198, 8.8031
0.224696, 8.688
0.2246, 8.66583
0.224197, 8.57627
0.2238, 8.48767
0.2237, 8.46521
0.223205, 8.35364
0.223, 8.3072
0.222713, 8.25691
0.222222, 8.17075
0.2222, 8.16684
0.221734, 8.06732
0.2214, 7.99576
0.221248, 7.97367
0.220764, 7.9032
0.2206, 7.8793
0.220282, 7.82601
0.219802, 7.74537
0.2198, 7.74504
0.219324, 7.66646
0.2191, 7.6293
0.218849, 7.58646
0.218375, 7.5055
0.2183, 7.49265
0.217903, 7.41925
0.2175, 7.34432
0.217434, 7.33918
0.216966, 7.30271
0.2168, 7.2897
0.216501, 7.25035
0.216037, 7.18915
0.216, 7.18421
0.215576, 7.13242
0.2153, 7.09863
0.215116, 7.06985
0.214659, 6.99796
0.2145, 6.97296
0.214203, 6.94205
0.2138, 6.89997
0.213749, 6.89176
0.213297, 6.81841
0.213, 6.76995
0.212848, 6.75199
0.2124, 6.69906
0.2123, 6.68727
0.211953, 6.65551
0.2116, 6.62302
0.211509, 6.60706
0.211067, 6.52916
0.2109, 6.49971
0.210626, 6.48582
0.210187, 6.46348
0.2101, 6.45901
0.209751, 6.40011
0.2094, 6.34082
0.209315, 6.33129
0.208882, 6.28233
0.2087, 6.26168
0.208451, 6.22514
0.208021, 6.16194
0.208, 6.15885
0.207593, 6.10542
0.2073, 6.06682
0.207167, 6.20039
0.206742, 6.62735
0.2066, 5.87618
0.2066, 5.87618
0.20632, 5.86694
0.205899, 5.85301
0.205479, 5.83909
0.205062, 5.82516
0.204646, 5.81123
0.204232, 5.7973
0.203819, 5.78338
0.203408, 5.76945
0.202999, 5.75552
0.202592, 5.7416
0.202186, 5.72767
0.201781, 5.71374
0.201379, 5.69982
0.200978, 5.68589
0.200578, 5.67196
0.20018, 5.65804
0.199784, 5.64411
0.199389, 5.63018
0.198996, 5.61626
0.198604, 5.60233
0.1984, 5.59504
0.198214, 5.57252
0.197826, 5.52527
0.197439, 5.47802
0.197053, 5.43076
0.196669, 5.38351
0.196286, 5.33626
0.195905, 5.289
0.195526, 5.24175
0.195148, 5.1945
0.194771, 5.14724
0.194396, 5.09999
0.194022, 5.05274
0.19365, 5.00548
0.193279, 4.95823
0.192909, 4.91098
0.192541, 4.86372
0.192175, 4.81647
0.191809, 4.76922
0.191445, 4.72196
0.191083, 4.67471
0.190722, 4.62746
0.1907, 4.62462
0.190362, 4.59089
0.190003, 4.555
0.189646, 4.51911
0.189291, 4.48322
0.188936, 4.44733
0.188583, 4.41144
0.188231, 4.37555
0.187881, 4.33966
0.187532, 4.30377
0.187184, 4.26788
0.186837, 4.23199
0.186492, 4.1961
0.186148, 4.16021
0.185805, 4.12432
0.185464, 4.08843
0.185123, 4.05255
0.184784, 4.01666
0.184447, 3.98077
0.18411, 3.94488
0.183775, 3.90899
0.1837, 3.90096
0.183441, 3.87976
0.183108, 3.85244
0.182776, 3.82513
0.182446, 3.79781
0.182116, 3.7705
0.181788, 3.74318
0.181462, 3.71587
0.181136, 3.68856
0.180811, 3.66124
0.180488, 3.63393
0.180166, 3.60661
0.179844, 3.5793
0.179525, 3.55198
0.179206, 3.52467
0.178888, 3.49736
0.178571, 3.47004
0.178256, 3.44273
0.177942, 3.41541
0.177628, 3.3881
0.177316, 3.36078
0.1771, 3.3418
0.177005, 3.33468
0.176695, 3.31135
0.176386, 3.28802
0.176079, 3.26468
0.175772, 3.24135
0.175466, 3.21801
0.175162, 3.19468
0.174858, 3.17135
0.174556, 3.14801
0.174254, 3.12468
0.173954, 3.10134
0.173655, 3.07801
0.173356, 3.05468
0.173059, 3.03134
0.172763, 3.00801
0.172467, 2.98467
0.172173, 2.96134
0.17188, 2.93801
0.171588, 2.91467
0.171296, 2.89134
0.171006, 2.868
0.171, 2.86752
0.170717, 2.84928
0.170428, 2.83065
0.170141, 2.81202
0.169855, 2.79339
0.169569, 2.77477
0.169285, 2.75614
0.169001, 2.73751
0.168719, 2.71888
0.168437, 2.70025
0.168156, 2.68162
0.167877, 2.663
0.167598, 2.64437
0.16732, 2.62574
0.167043, 2.60711
0.166767, 2.58848
0.166492, 2.56985
0.166217, 2.55123
0.165944, 2.5326
0.165672, 2.51397
0.1654, 2.49534
0.1653, 2.48846
0.165129, 2.47857
0.16486, 2.46289
0.164591, 2.44721
0.164323, 2.43153
0.164056, 2.41586
0.163789, 2.40018
0.163524, 2.3845
0.163259, 2.36882
0.162996, 2.35314
0.162733, 2.33746
0.162471, 2.32178
0.16221, 2.3061
0.161949, 2.29042
0.16169, 2.27474
0.161431, 2.25906
0.161173, 2.24338
0.160916, 2.2277
0.16066, 2.21202
0.160405, 2.19634
0.16015, 2.18067
0.16, 2.1714
0.159896, 2.16618
0.159643, 2.15343
0.159391, 2.14068
0.15914, 2.12793
0.158889, 2.11518
0.158639, 2.10243
0.15839, 2.08968
0.158142, 2.07693
0.157895, 2.06418
0.157648, 2.05143
0.157402, 2.03868
0.157157, 2.02593
0.156913, 2.01318
0.156669, 2.00043
0.156426, 1.98768
0.156184, 1.97493
0.155943, 1.96218
0.155702, 1.94943
0.155462, 1.93668
0.155223, 1.92393
0.155, 1.912
0.154985, 1.91129
0.154747, 1.90025
0.15451, 1.8892
0.154274, 1.87816
0.154038, 1.86712
0.153804, 1.85608
0.153569, 1.84503
0.153336, 1.83399
0.153103, 1.82295
0.152872, 1.81191
0.15264, 1.80086
0.15241, 1.78982
0.15218, 1.77878
0.151951, 1.76774
0.151722, 1.7567
0.151494, 1.74565
0.151267, 1.73461
0.151041, 1.72357
0.150815, 1.71253
0.15059, 1.70148
0.150366, 1.69044
0.1503, 1.6872
0.150142, 1.68091
0.149919, 1.67201
0.149697, 1.66311
0.149475, 1.65421
0.149254, 1.6453
0.149033, 1.6364
0.148814, 1.6275
0.148594, 1.6186
0.148376, 1.6097
0.148158, 1.60079
0.147941, 1.59189
0.147724, 1.58299
0.147508, 1.57409
0.147293, 1.56519
0.147078, 1.55629
0.146864, 1.54738
0.146651, 1.53848
0.146438, 1.52958
0.146226, 1.52068
0.146014, 1.51178
0.1459, 1.50696
0.145803, 1.50335
0.145593, 1.4955
0.145383, 1.48765
0.145174, 1.47979
0.144965, 1.47194
0.144757, 1.46408
0.14455, 1.45623
0.144343, 1.44837
0.144137, 1.44052
0.143932, 1.43266
0.143727, 1.42481
0.143522, 1.41695
0.143318, 1.4091
0.143115, 1.40124
0.142912, 1.39339
0.14271, 1.38554
0.142509, 1.37768
0.142308, 1.36983
0.142107, 1.36197
0.141907, 1.35412
0.141708, 1.34626
0.1417, 1.34594
0.141509, 1.33987
0.141311, 1.33355
0.141114, 1.32722
0.140917, 1.3209
0.14072, 1.31457
0.140524, 1.30824
0.140329, 1.30192
0.140134, 1.29559
0.139939, 1.28926
0.139746, 1.28294
0.139552, 1.27661
0.13936, 1.27029
0.139168, 1.26396
0.138976, 1.25763
0.138785, 1.25131
0.138594, 1.24498
0.138404, 1.23866
0.138214, 1.23233
0.138025, 1.226
0.137837, 1.21968
0.1378, 1.21844
0.137649, 1.21384
0.137461, 1.20812
0.137274, 1.2024
0.137088, 1.19668
0.136902, 1.19096
0.136716, 1.18525
0.136531, 1.17953
0.136347, 1.17381
0.136163, 1.16809
0.135979, 1.16237
0.135796, 1.15665
0.135614, 1.15093
0.135432, 1.14521
0.13525, 1.13949
0.135069, 1.13378
0.134889, 1.12806
0.134709, 1.12234
0.134529, 1.11662
0.13435, 1.1109
0.134171, 1.10518
0.134, 1.09968
0.133993, 1.0995
0.133816, 1.09469
0.133638, 1.08989
0.133462, 1.08508
0.133285, 1.08028
0.133109, 1.07547
0.132934, 1.07067
0.132759, 1.06586
0.132585, 1.06106
0.132411, 1.05626
0.132237, 1.05145
0.132064, 1.04665
0.131892, 1.04184
0.131719, 1.03704
0.131548, 1.03223
0.131376, 1.02743
0.131206, 1.02262
0.131035, 1.01782
0.130865, 1.01301
0.130696, 1.00821
0.130527, 1.0034
0.1305, 1.00264
0.130358, 0.999267
0.13019, 0.995257
0.130022, 0.991247
0.129855, 0.987238
0.129688, 0.983228
0.129522, 0.979218
0.129356, 0.975208
0.12919, 0.971198
0.129025, 0.967188
0.12886, 0.963179
0.128696, 0.959169
0.128532, 0.955159
0.128368, 0.951149
0.128205, 0.947139
0.128042, 0.943129
0.12788, 0.93912
0.127718, 0.93511
0.127557, 0.9311
0.127396, 0.92709
0.127235, 0.92308
0.1272, 0.9222
0.127075, 0.91924
0.126915, 0.915448
0.126756, 0.911655
0.126597, 0.907863
0.126438, 0.904071
0.12628, 0.900278
0.126122, 0.896486
0.125965, 0.892693
0.125808, 0.888901
0.125651, 0.885109
0.125495, 0.881316
0.125339, 0.877524
0.125183, 0.873731
0.125028, 0.869939
0.124873, 0.866147
0.124719, 0.862354
0.124565, 0.858562
0.124412, 0.854769
0.124258, 0.850977
0.124106, 0.847185
0.124, 0.84456
0.123953, 0.843556
0.123801, 0.840297
0.123649, 0.837038
0.123498, 0.833779
0.123347, 0.830519
0.123196, 0.82726
0.123046, 0.824001
0.122896, 0.820742
0.122747, 0.817482
0.122598, 0.814223
0.122449, 0.810964
0.122301, 0.807705
0.122153, 0.804445
0.122005, 0.801186
0.121858, 0.797927
0.121711, 0.794668
0.121564, 0.791408
0.121418, 0.788149
0.121272, 0.78489
0.121126, 0.781631
0.121, 0.7788
0.120981, 0.778427
0.120836, 0.775591
0.120692, 0.772755
0.120547, 0.769919
0.120404, 0.767082
0.12026, 0.764246
0.120117, 0.76141
0.119974, 0.758574
0.119832, 0.755738
0.119689, 0.752901
0.119548, 0.750065
0.119406, 0.747229
0.119265, 0.744393
0.119124, 0.741557
0.118984, 0.738721
0.118844, 0.735884
0.118704, 0.733048
0.118564, 0.730212
0.118425, 0.727376
0.118286, 0.72454
0.118148, 0.721704
0.1181, 0.72072
0.11801, 0.71921
0.117872, 0.716899
0.117734, 0.714587
0.117597, 0.712276
0.11746, 0.709965
0.117324, 0.707653
0.117188, 0.705342
0.117052, 0.703031
0.116916, 0.700719
0.116781, 0.698408
0.116646, 0.696096
0.116511, 0.693785
0.116377, 0.691474
0.116243, 0.689162
0.116109, 0.686851
0.115975, 0.68454
0.115842, 0.682228
0.115709, 0.679917
0.115577, 0.677605
0.115445, 0.675294
0.115313, 0.672983
0.1153, 0.67276
0.115181, 0.670893
0.11505, 0.668826
0.114919, 0.66676
0.114788, 0.664694
0.114658, 0.662628
0.114527, 0.660561
0.114398, 0.658495
0.114268, 0.656429
0.114139, 0.654362
0.11401, 0.652296
0.113881, 0.65023
0.113753, 0.648163
0.113625, 0.646097
0.113497, 0.644031
0.113369, 0.641965
0.113242, 0.639898
0.113115, 0.637832
0.112989, 0.635766
0.112862, 0.633699
0.112736, 0.631633
0.1127, 0.63104
0.11261, 0.629696
0.112485, 0.62781
0.11236, 0.625925
0.112235, 0.624039
0.11211, 0.622153
0.111985, 0.620268
0.111861, 0.618382
0.111737, 0.616497
0.111614, 0.614611
0.111491, 0.612726
0.111368, 0.61084
0.111245, 0.608955
0.111122, 0.607069
0.111, 0.605184
0.110878, 0.603298
0.110756, 0.601413
0.110635, 0.599527
0.110514, 0.597642
0.110393, 0.595756
0.110272, 0.593871
0.1102, 0.59274
0.110152, 0.592049
0.110032, 0.590323
0.109912, 0.588598
0.109792, 0.586872
0.109673, 0.585146
0.109554, 0.583421
0.109435, 0.581695
0.109317, 0.579969
0.109198, 0.578244
0.10908, 0.576518
0.108962, 0.574792
0.108845, 0.573067
0.108728, 0.571341
0.108611, 0.569615
0.108494, 0.56789
0.108377, 0.566164
0.108261, 0.564438
0.108145, 0.562713
0.108029, 0.560987
0.107914, 0.559262
0.1078, 0.55756
0.107798, 0.557536
0.107683, 0.555852
0.107569, 0.554167
0.107454, 0.552482
0.10734, 0.550798
0.107226, 0.549113
0.107112, 0.547428
0.106998, 0.545744
0.106885, 0.544059
0.106772, 0.542374
0.106659, 0.54069
0.106546, 0.539005
0.106434, 0.53732
0.106322, 0.535635
0.10621, 0.533951
0.106098, 0.532266
0.105987, 0.530581
0.105876, 0.528897
0.105765, 0.527212
0.105654, 0.525527
0.105543, 0.523843
0.1055, 0.52318
0.105433, 0.52234
0.105323, 0.520956
0.105213, 0.519572
0.105104, 0.518187
0.104994, 0.516803
0.104885, 0.515419
0.104776, 0.514035
0.104668, 0.51265
0.104559, 0.511266
0.104451, 0.509882
0.104343, 0.508498
0.104235, 0.507113
0.104128, 0.505729
0.10402, 0.504345
0.103913, 0.502961
0.103806, 0.501576
0.1037, 0.500192
0.103593, 0.498808
0.103487, 0.497424
0.103381, 0.496039
0.1033, 0.494982
0.103275, 0.494691
0.103169, 0.493459
0.103064, 0.492228
0.102959, 0.490996
0.102854, 0.489765
0.102749, 0.488533
0.102645, 0.487301
0.10254, 0.48607
0.102436, 0.484838
0.102332, 0.483606
0.102229, 0.482375
0.102125, 0.481143
0.102022, 0.479912
0.101919, 0.47868
0.101816, 0.477448
0.101714, 0.476217
0.101611, 0.474985
0.101509, 0.473753
0.101407, 0.472522
0.101305, 0.47129
0.101204, 0.470058
0.1012, 0.470016
0.101102, 0.46888
0.101001, 0.467704
0.1009, 0.466528
0.100799, 0.465352
0.100699, 0.464176
0.100598, 0.462999
0.100498, 0.461823
0.100398, 0.460647
0.100298, 0.459471
0.100199, 0.458295
0.100099, 0.457118
0.1, 0.455942
250, 0.0095648
200, 0.006833
166.7, 0.00492048
125, 0.00293948
100, 0.00198273
83.33, 0.00157274
71.43, 0.0012993
62.5, 0.00116263
50, 0
40, 0
30.3, 0
25, 0.000625878
20, 0.00195647
15, 0
14.5, 0
13.5, 0
10, 0.000462587
9, 0
8, 0.000104725
7, 0
6, 0
5, 1.36359e-06
4, 0
3.5, 0
3.4188, 0
3.3033, 0
3, 0
2.7144, 1.71965e-08
2.5, 0
2.4373, 0
2, 0
1.8, 0
1.696, 0
1.6, 0
1.532, 0
1.4, 0
1.372, 0
1.2, 0
1.144, 0
1.127, 9.83064e-05
1.078, 0.00039395
1.033, 0.00157476
0.9919, 0.00419975
0.9537, 0.00797557
0.9184, 0.0126304
0.8856, 0.0179095
0.8551, 0.0239703
0.8266, 0.03673
0.8157, 0.044172
0.8051, 0.044256
0.7948, 0.051758
0.7847, 0.05187
0.7749, 0.059424
0.7653, 0.059536
0.756, 0.067104
0.7469, 0.067248
0.738, 0.0749
0.7293, 0.07504
0.7208, 0.082742
0.7126, 0.082896
0.7045, 0.090672
0.6965, 0.098462
0.6888, 0.098696
0.6812, 0.09893
0.6738, 0.10682
0.6666, 0.11478
0.6595, 0.122784
0.6526, 0.123104
0.6458, 0.131172
0.6391, 0.13932
0.6326, 0.147516
0.6262, 0.171292
0.6199, 0.171864
0.6138, 0.188064
0.6078, 0.19655
0.6019, 0.19715
0.5961, 0.213624
0.5904, 0.23814
0.5848, 0.23898
0.5794, 0.215838
0.574, 0.24072
0.5687, 0.273768
0.5636, 0.258688
0.5585, 0.308332
0.5535, 0.260672
0.5486, 0.359832
0.5438, 0.361328
0.5391, 0.395808
0.5344, 0.3726
0.5299, 0.357674
0.5254, 0.442762
0.5209, 0.469952
0.5166, 0.5058
0.5123, 0.5082
0.5081, 0.61272
0.504, 0.564564
0.4999, 0.627508
0.4959, 0.63072
0.492, 0.668822
0.4881, 0.689986
0.4843, 0.728906
0.4806, 0.830208
0.4769, 0.79956
0.4732, 1.07184
0.4696, 1.0788
0.4661, 1.2119
0.4626, 1.19289
0.4592, 1.19158
0.4558, 1.20913
0.4525, 1.23637
0.4492, 1.39524
0.446, 1.40596
0.4428, 1.54948
0.4397, 1.62894
0.4366, 1.78747
0.4335, 1.80264
0.4305, 1.90741
0.4275, 2.01417
0.4246, 2.1138
0.4217, 2.30645
0.4189, 2.49319
0.4161, 2.63364
0.4133, 2.80944
0.4105, 3.07529
0.4078, 3.34847
0.4052, 3.56636
0.4025, 3.90003
0.4, 4.31118
0.3974, 4.70413
0.3949, 5.23853
0.3924, 5.90042
0.3899, 6.67366
0.3875, 7.63812
0.385, 8.83218
0.3827, 10.2951
0.3803, 12.1943
0.378, 14.6187
0.3757, 17.7118
0.3734, 21.4848
0.3712, 25.5405
0.369, 29.4946
0.3668, 32.9394
0.3647, 35.3492
0.3625, 36.3341
0.3604, 36.2904
0.3583, 35.5998
0.3563, 34.742
0.3542, 33.7722
0.3522, 33.09
0.3502, 32.5432
0.3483, 32.0827
0.3463, 31.8026
0.3444, 31.6701
0.3425, 31.566
0.3406, 31.4906
0.3388, 31.4322
0.3369, 31.4883
0.3351, 31.5547
0.3333, 31.6254
0.3315, 31.713
0.3297, 31.8947
0.328, 31.9977
0.3263, 32.2134
0.3246, 32.4338
0.3229, 32.6592
0.3212, 32.9902
0.3195, 33.239
0.3179, 33.6072
0.3163, 33.9814
0.3147, 34.3617
0.3131, 34.8395
0.3115, 35.3535
0.31, 35.9417
0.3084, 36.6095
0.3069, 37.3339
0.3054, 38.1319
0.3039, 39.0132
0.3024, 39.9492
0.3009, 40.9581
0.2995, 42.0316
0.298, 43.1506
0.2966, 44.2714
0.2952, 45.3509
0.2938, 46.2433
0.2924, 46.7569
0.291, 46.6799
0.2897, 45.7794
0.2883, 44.0879
0.287, 41.8694
0.2857, 39.5016
0.2844, 37.2916
0.2831, 35.2671
0.2818, 33.3466
0.2805, 31.5482
0.2792, 29.7862
0.278, 28.1124
0.2768, 26.4813
0.2755, 24.912
0.2743, 23.4415
0.2731, 22.0406
0.2719, 20.7537
0.2707, 19.6182
0.2695, 18.5997
0.2684, 17.6899
0.2672, 16.8885
0.2661, 16.208
0.2649, 15.6078
0.2638, 15.0928
0.2627, 14.629
0.2616, 14.2145
0.2605, 13.8338
0.2594, 13.4877
0.2583, 13.1944
0.2572, 12.9074
0.2562, 12.641
0.2551, 12.4101
0.2541, 12.1854
0.253, 11.9743
0.252, 11.802
0.251, 11.6266
0.25, 11.4771
0.249, 11.3337
0.248, 11.1941
0.247, 11.0866
0.246, 10.9885
0.245, 10.9108
0.2441, 10.8361
0.2431, 10.7739
0.2422, 10.7216
0.2412, 10.7025
0.2403, 10.6817
0.2394, 10.6674
0.2384, 10.659
0.2375, 10.6568
0.2366, 10.6406
0.2357, 10.6339
0.2348, 10.6068
0.2339, 10.5888
0.2331, 10.5173
0.2322, 10.4149
0.2313, 10.2791
0.2305, 10.1175
0.2296, 9.90277
0.2288, 9.70751
0.2279, 9.4872
0.2271, 9.26185
0.2263, 9.04096
0.2254, 8.84936
0.2246, 8.66583
0.2238, 8.48767
0.223, 8.3072
0.2222, 8.16684
0.2214, 7.99576
0.2206, 7.8793
0.2198, 7.74504
0.2191, 7.6293
0.2183, 7.49265
0.2175, 7.34432
0.2168, 7.2897
0.216, 7.18421
0.2153, 7.09863
0.2145, 6.97296
0.2138, 6.89997
0.213, 6.76995
0.2123, 6.68727
0.2116, 6.62302
0.2109, 6.49971
0.2101, 6.45901
0.2094, 6.34082
0.2087, 6.26168
0.208, 6.15885
0.2073, 6.06682
0.2066, 6.771
0.2066, 5.87618
0.1984, 5.59504
0.1907, 4.62462
0.1837, 3.90096
0.1771, 3.3418
0.171, 2.86752
0.1653, 2.48846
0.16, 2.1714
0.155, 1.912
0.1503, 1.6872
0.1459, 1.50696
0.1417, 1.34594
0.1378, 1.21844
0.134, 1.09968
0.1305, 1.00264
0.1272, 0.9222
0.124, 0.84456
0.121, 0.7788
0.1181, 0.72072
0.1153, 0.67276
0.1127, 0.63104
0.1102, 0.59274
0.1078, 0.55756
0.1055, 0.52318
0.1033, 0.494982
0.1012, 0.470016
0.09919, 0.44625
0.09724, 0.426496
0.09537, 0.408672
0.09357, 0.392544
0.09184, 0.37842
0.09017, 0.364226
0.08856, 0.35255
0.087, 0.341134
0.08551, 0.330048
0.08406, 0.320272
0.08266, 0.31008
0.0813, 0.299854
0.07999, 0.2907
0.07872, 0.280386
0.07749, 0.27186
0.0763, 0.262038
0.07514, 0.252396
0.07469, 0.249084
0.07424, 0.244834
0.0738, 0.242408
0.07293, 0.235024
0.07187, 0.22605
0.07085, 0.21726
0.06985, 0.20856
0.06888, 0.19929
0.06702, 0.18333
0.06526, 0.167564
0.065, 0.115938
0.064, 0.106
0.06358, 0.15176
0.063, 0.102114
0.062, 0.094689
0.061, 0.08732
0.06, 0.0793
0.059, 0.072732
0.058, 0.065688
0.057, 0.059969
0.056, 0.054675
0.055, 0.050443
0.054, 0.04589
0.053, 0.0421648
0.052, 0.0389136
0.051, 0.0365472
0.05, 0.0341636
0.049, 0.031898
0.048, 0.0304128
0.047, 0.0285868
0.046, 0.0273504
0.045, 0.0260384
0.044, 0.0253536
0.043, 0.0247842
0.042, 0.0242252
0.041, 0.023736
0.04, 0.023463
0.039, 0.0231528
0.038, 0.022656
0.037, 0.0221464
0.036, 0.0217558
0.035, 0.0212004
0.034, 0.0206338
0.033, 0.01836
0.032, 0.01924
0.031, 0.0186
0.03, 0.017803
0.029, 0.016956
0.028, 0.0159096
0.027, 0.0149464
0.026, 0.0139576
0.025, 0.012864
0.024, 0.0117608
0.023, 0.0107061
0.022, 0.00972
0.021, 0.00864736
0.02, 0.00768708
0.019, 0.00673652
0.018, 0.0058509
0.017, 0.00501904
0.016, 0.0042613
0.015, 0.00353508
0.014, 0.00286
0.0136, 0.0026208
0.0132, 0.0024528
0.013, 0.0023278
0.0128, 0.00225412
0.0126, 0.00210936
0.0125, 0.002068
0.0124, 0.00317856
0.0123, 0.0103
0.0122, 0.0492
0.01216, 0.0536628
0.01192, 0.0518758
0.01159, 0.0497458
0.01127, 0.0479864
0.01107, 0.0467118
0.01078, 0.0452362
0.01051, 0.0437816
0.01025, 0.0423389
0.009998, 0.0411065
0.009762, 0.039882
0.009537, 0.0386623
0.009322, 0.0374473
0.009116, 0.0364349
0.008856, 0.0352216
0.00867, 0.0342142
0.008434, 0.0330058
0.008266, 0.0322004
0.008051, 0.0311928
0.007847, 0.0301832
0.007653, 0.0287781
0.007469, 0.0287781
0.007293, 0.0253891
0.007125, 0.0239984
0.006965, 0.0226094
0.006812, 0.0212211
0.00663, 0.0198334
0.006491, 0.0187628
0.006325, 0.0174357
0.006168, 0.0162278
0.006018, 0.0151388
0.005876, 0.0141288
0.00574, 0.0131587
0.00561, 0.0122876
0.005462, 0.0113176
0.005344, 0.0106048
0.005209, 0.00981262
0.005081, 0.00907958
0.004959, 0.00840594
0.004843, 0.00781143
0.004732, 0.00725642
0.004609, 0.00668149
0.004508, 0.00622532
0.004396, 0.00572936
0.00429, 0.00531271
0.004188, 0.00491574
0.004092, 0.00455838
0.003986, 0.00418106
0.003899, 0.00388307
0.003803, 0.00358506
0.003712, 0.00330679
0.003625, 0.00304834
0.003532, 0.00280974
0.003453, 0.00261086
0.003369, 0.00239201
0.003289, 0.00221294
0.003212, 0.00203378
0.003131, 0.00187255
0.003054, 0.00172122
0.002987, 0.00159775
0.00291, 0.0014643
0.002844, 0.00135074
0.002774, 0.00124114
0.002707, 0.00114149
0.002643, 0.0010518
0.002583, 0.000972052
0.00252, 0.000892301
0.00246, 0.000820512
0.002403, 0.000756689
0.002344, 0.000692862
0.002287, 0.000636998
0.002234, 0.000587124
0.002179, 0.000537236
0.002127, 0.000493333
0.002077, 0.000453414
0.002026, 0.000415492
0.001977, 0.000381553
0.001931, 0.000351609
0.001884, 0.000321659
0.001839, 0.000295701
0.001797, 0.000271739
0.001754, 0.000249772
0.00171, 0.000227803
0.001671, 0.000209827
0.001631, 0.000193048
0.001592, 0.000176668
0.001554, 0.000162085
0.001516, 0.0001483
0.001479, 0.000135913
0.001445, 0.000124924
0.00141, 0.000114533
0.001376, 0.000104742
0.001343, 9.59495e-05
0.001312, 8.81559e-05
0.001281, 8.07615e-05
0.00125, 7.39666e-05
0.00122, 6.77708e-05
0.001191, 6.19746e-05
0.001162, 5.6778e-05
0.001134, 5.19808e-05
0.001108, 4.77832e-05
0.001081, 4.35855e-05
0.001055, 3.99874e-05
0.00103, 3.6589e-05
0.001005, 3.33905e-05
0.0009816, 3.05917e-05
0.0009581, 2.79928e-05
0.000935, 2.55938e-05
0.0009129, 2.33946e-05
0.0008906, 2.13953e-05
0.0008694, 1.96159e-05
0.0008492, 1.79765e-05
0.0008287, 1.64369e-05
0.0008087, 1.49774e-05
0.0007897, 1.36977e-05
0.0007705, 1.24781e-05
0.0007523, 1.13983e-05
0.0007345, 1.03986e-05
0.0007166, 9.47881e-06
0.0006997, 8.63901e-06
0.0006831, 7.8593e-06
0.0006665, 8.15944e-05
0.0006508, 7.51941e-05
0.0006351, 6.9194e-05
0.0006199, 6.37939e-05



