SiO2 (Glass) - Palik

wavelength (microns), Re(eps)
10, 6.99855
9.756, 7.13448
9.524, 4.8951
9.302, -0.0451
9.174, -4.30544
9.09836, -5.31547
9.091, -5.41465
9.009, -4.81114
8.929, -3.28523
8.85, -2.21395
8.772, -1.58913
8.696, -1.18323
8.621, -0.93669
8.547, -0.739701
8.475, -0.590164
8.403, -0.481871
8.34586, -0.401165
8.333, -0.382841
8.265, -0.290407
8.197, -0.215823
8.13, -0.144205
8.065, -0.0443884
8, 0.0648387
7.937, 0.172087
7.874, 0.280255
7.813, 0.38248
7.752, 0.492947
7.70833, 0.566659
7.692, 0.594446
7.634, 0.674534
7.576, 0.7396
7.519, 0.791566
7.463, 0.841806
7.407, 0.900002
7.353, 0.941288
7.246, 1.0282
7.16129, 1.09423
7.143, 1.1087
7.042, 1.17506
6.944, 1.22545
6.849, 1.28822
6.757, 1.34096
6.68675, 1.37179
6.667, 1.38057
6.452, 1.4689
6.27119, 1.52794
6.25, 1.53508
5.90426, 1.62696
5.882, 1.63325
5.57789, 1.70048
5.556, 1.7056
5.28571, 1.74945
5.02262, 1.79666
5, 1.80095
4.78448, 1.82897
4.5679, 1.85979
4.545, 1.86322
4.37008, 1.88505
4.18868, 1.90961
4.167, 1.91269
4.02174, 1.92712
3.8676, 1.94361
3.846, 1.94602
3.72483, 1.95657
3.7067, 1.95821
3.59223, 1.9684
3.5564, 1.97172
3.507, 1.97594
3.46875, 1.97907
3.422, 1.983
3.35347, 1.98835
3.3026, 1.99247
3.2668, 1.99524
3.24561, 1.99683
3.2439, 1.99696
3.14448, 2.0018
3.04945, 2.00673
2.96, 2.01165
2.87565, 2.01657
2.79597, 2.02149
2.72059, 2.02641
2.64916, 2.03133
2.5814, 2.03625
2.51701, 2.04117
2.45575, 2.0461
2.4374, 2.04762
2.39741, 2.04957
2.34177, 2.0524
2.32542, 2.05326
2.28866, 2.05489
2.2379, 2.05723
2.18935, 2.05957
2.1526, 2.06141
2.14286, 2.06182
2.0983, 2.06377
2.0581, 2.0656
2.05556, 2.0657
2.01452, 2.0674
1.97509, 2.06909
1.97009, 2.06931
1.93717, 2.07054
1.90068, 2.07196
1.86555, 2.07337
1.83168, 2.07479
1.81307, 2.07559
1.79903, 2.07609
1.76752, 2.07725
1.73709, 2.07841
1.70913, 2.07951
1.70769, 2.07956
1.6932, 2.08011
1.681, 2.08055
1.67927, 2.08061
1.6606, 2.0813
1.65179, 2.08158
1.62518, 2.08247
1.59942, 2.08336
1.57447, 2.08425
1.55028, 2.08513
1.52952, 2.08592
1.52682, 2.086
1.50407, 2.08675
1.48198, 2.0875
1.4695, 2.08794
1.46053, 2.08823
1.43969, 2.08891
1.41944, 2.0896
1.39975, 2.09029
1.39506, 2.09045
1.3806, 2.09092
1.3622, 2.09152
1.36196, 2.09153
1.34383, 2.09203
1.32616, 2.09254
1.30896, 2.09304
1.2922, 2.09355
1.27586, 2.09405
1.25993, 2.09456
1.24439, 2.09506
1.22924, 2.09556
1.21444, 2.09607
1.2, 2.09657
1.1859, 2.09708
1.17212, 2.09758
1.15866, 2.09809
1.14551, 2.09859
1.13265, 2.09909
1.12866, 2.09925
1.12008, 2.09953
1.10778, 2.09994
1.09576, 2.10035
1.08398, 2.10075
1.08297, 2.10079
1.07246, 2.10114
1.06119, 2.10152
1.05014, 2.10191
1.03933, 2.10229
1.02873, 2.10268
1.01835, 2.10306
1.01398, 2.10323
1.00817, 2.10342
0.998201, 2.10377
0.988424, 2.10412
0.978836, 2.10447
0.969432, 2.10482
0.960208, 2.10517
0.951157, 2.10552
0.942275, 2.10587
0.933558, 2.10622
0.925, 2.10656
0.916598, 2.10691
0.908347, 2.10726
0.900243, 2.10761
0.89435, 2.10787
0.892283, 2.10795
0.884462, 2.10828
0.876777, 2.10861
0.869225, 2.10894
0.861801, 2.10926
0.854503, 2.10959
0.852111, 2.1097
0.847328, 2.10991
0.840273, 2.11023
0.833333, 2.11055
0.826508, 2.11087
0.819793, 2.11118
0.813187, 2.1115
0.806686, 2.11182
0.800288, 2.11214
0.793991, 2.11246
0.787793, 2.11277
0.78169, 2.11309
0.775681, 2.11341
0.769764, 2.11373
0.763937, 2.11405
0.758197, 2.11436
0.752542, 2.11468
0.746972, 2.115
0.741483, 2.11532
0.736074, 2.11564
0.730744, 2.11596
0.72549, 2.11627
0.720311, 2.11659
0.715206, 2.11691
0.710173, 2.11723
0.706519, 2.11746
0.70521, 2.11755
0.700315, 2.11788
0.695489, 2.1182
0.690728, 2.11853
0.686032, 2.11886
0.6814, 2.11918
0.676829, 2.11951
0.67232, 2.11984
0.66787, 2.12016
0.667815, 2.12017
0.663479, 2.12048
0.659145, 2.1208
0.656272, 2.12101
0.654867, 2.12112
0.650645, 2.12146
0.646476, 2.12179
0.643847, 2.122
0.642361, 2.12213
0.638298, 2.12247
0.634286, 2.12281
0.630324, 2.12315
0.626411, 2.12349
0.622546, 2.12383
0.618729, 2.12418
0.614958, 2.12452
0.611233, 2.12486
0.607553, 2.1252
0.603917, 2.12554
0.600324, 2.12588
0.596774, 2.12622
0.593266, 2.12657
0.589798, 2.12691
0.589262, 2.12696
0.587561, 2.12713
0.586371, 2.12726
0.582983, 2.1276
0.579634, 2.12795
0.579065, 2.12801
0.576959, 2.12824
0.576324, 2.12831
0.573051, 2.12868
0.569815, 2.12904
0.566616, 2.1294
0.563452, 2.12977
0.560323, 2.13013
0.557229, 2.13049
0.554169, 2.13085
0.551142, 2.13122
0.548148, 2.13158
0.546074, 2.13183
0.545187, 2.13195
0.542257, 2.13233
0.539359, 2.13272
0.536491, 2.1331
0.533654, 2.13348
0.530846, 2.13387
0.528069, 2.13425
0.525319, 2.13464
0.522599, 2.13502
0.519906, 2.1354
0.517241, 2.13579
0.514604, 2.13617
0.511993, 2.13656
0.509408, 2.13694
0.508582, 2.13706
0.506849, 2.13734
0.504316, 2.13774
0.501808, 2.13814
0.499325, 2.13854
0.496867, 2.13895
0.494432, 2.13935
0.492021, 2.13975
0.489634, 2.14015
0.48727, 2.14055
0.486133, 2.14075
0.484928, 2.14096
0.482609, 2.14138
0.480312, 2.1418
0.478036, 2.14222
0.475782, 2.14264
0.473549, 2.14305
0.471338, 2.14347
0.469146, 2.14389
0.467816, 2.14415
0.466975, 2.14432
0.464824, 2.14476
0.462693, 2.14521
0.460581, 2.14565
0.458488, 2.1461
0.456414, 2.14654
0.454359, 2.14698
0.452323, 2.14743
0.450304, 2.14787
0.448304, 2.14832
0.446321, 2.14876
0.444355, 2.14921
0.442407, 2.14965
0.440476, 2.1501
0.438562, 2.15054
0.436664, 2.15098
0.435835, 2.15118
0.434783, 2.15145
0.432917, 2.15193
0.431068, 2.15241
0.429234, 2.15289
0.427416, 2.15337
0.425613, 2.15385
0.423826, 2.15433
0.422053, 2.15481
0.420295, 2.15529
0.418552, 2.15577
0.416823, 2.15626
0.415108, 2.15674
0.413408, 2.15722
0.411721, 2.1577
0.410048, 2.15818
0.408389, 2.15866
0.406742, 2.15914
0.405109, 2.15962
0.404656, 2.15975
0.40349, 2.16014
0.401883, 2.16067
0.400288, 2.16121
0.398707, 2.16174
0.397138, 2.16228
0.395581, 2.16281
0.394036, 2.16335
0.392504, 2.16388
0.390983, 2.16442
0.389474, 2.16495
0.387976, 2.16549
0.38649, 2.16602
0.385016, 2.16656
0.383552, 2.16709
0.3821, 2.16763
0.380658, 2.16816
0.379228, 2.1687
0.377808, 2.16923
0.376399, 2.16977
0.375, 2.1703
0.373612, 2.17084
0.372233, 2.17137
0.370865, 2.17191
0.369507, 2.17244
0.368159, 2.17298
0.366821, 2.17351
0.365492, 2.17405
0.365015, 2.17424
0.364173, 2.17461
0.362864, 2.17518
0.361564, 2.17575
0.361051, 2.17598
0.360273, 2.17634
0.358991, 2.17693
0.357718, 2.17753
0.356455, 2.17812
0.3552, 2.17871
0.353954, 2.17931
0.352717, 2.1799
0.351488, 2.18049
0.350268, 2.18109
0.349057, 2.18168
0.347853, 2.18228
0.346658, 2.18287
0.34662, 2.18289
0.345472, 2.18349
0.344293, 2.18411
0.343122, 2.18472
0.341959, 2.18534
0.340804, 2.18596
0.340365, 2.1862
0.339657, 2.18659
0.338518, 2.18722
0.337386, 2.18786
0.336262, 2.18849
0.335145, 2.18912
0.334148, 2.18969
0.334036, 2.18975
0.332933, 2.1904
0.331839, 2.19104
0.330751, 2.19168
0.330259, 2.19197
0.32967, 2.19235
0.328597, 2.19304
0.32753, 2.19374
0.326471, 2.19443
0.325418, 2.19513
0.324372, 2.19583
0.323332, 2.19652
0.3223, 2.19722
0.321274, 2.19791
0.320254, 2.19861
0.319241, 2.1993
0.318234, 2.2
0.317233, 2.20069
0.316239, 2.20139
0.315251, 2.20208
0.31427, 2.20278
0.313294, 2.20347
0.312324, 2.20417
0.31136, 2.20486
0.310403, 2.20556
0.309451, 2.20626
0.308505, 2.20695
0.307564, 2.20765
0.30663, 2.20834
0.305701, 2.20904
0.304778, 2.20973
0.30386, 2.21043
0.302948, 2.21112
0.30215, 2.21173
0.302041, 2.21182
0.301139, 2.21258
0.300243, 2.21333
0.299353, 2.21408
0.298467, 2.21483
0.297587, 2.21558
0.296728, 2.21632
0.296712, 2.21633
0.295842, 2.21711
0.294977, 2.21789
0.294118, 2.21866
0.293263, 2.21944
0.292413, 2.22022
0.291568, 2.221
0.290728, 2.22177
0.289893, 2.22255
0.28936, 2.22305
0.289062, 2.22334
0.288237, 2.22415
0.287416, 2.22497
0.2866, 2.22578
0.285788, 2.22659
0.284981, 2.2274
0.284178, 2.22821
0.28338, 2.22903
0.282587, 2.22984
0.281797, 2.23065
0.281013, 2.23146
0.280347, 2.23216
0.280232, 2.23228
0.279456, 2.23313
0.278684, 2.23398
0.277917, 2.23482
0.277154, 2.23567
0.276394, 2.23652
0.275639, 2.23737
0.275278, 2.23778
0.274889, 2.23823
0.274142, 2.2391
0.273399, 2.23997
0.27266, 2.24084
0.271926, 2.24171
0.271195, 2.24258
0.270468, 2.24345
0.269885, 2.24415
0.269745, 2.24433
0.269026, 2.24523
0.26831, 2.24614
0.267599, 2.24704
0.266891, 2.24795
0.266187, 2.24885
0.265487, 2.24975
0.265204, 2.25012
0.26479, 2.2507
0.264097, 2.25167
0.263408, 2.25264
0.262722, 2.25361
0.26204, 2.25458
0.261361, 2.25555
0.260686, 2.25652
0.260014, 2.25749
0.259346, 2.25846
0.258681, 2.25943
0.25802, 2.2604
0.257361, 2.26137
0.256707, 2.26234
0.256055, 2.26331
0.255407, 2.26428
0.254762, 2.26525
0.254121, 2.26622
0.253483, 2.26719
0.252847, 2.26816
0.252215, 2.26913
0.251587, 2.2701
0.250961, 2.27107
0.250338, 2.27205
0.249719, 2.27302
0.249102, 2.27399
0.248489, 2.27496
0.248272, 2.2753
0.247879, 2.27599
0.247271, 2.27705
0.246667, 2.27811
0.246065, 2.27918
0.245467, 2.28024
0.244871, 2.28131
0.244278, 2.28237
0.243688, 2.28343
0.243101, 2.2845
0.242517, 2.28556
0.241935, 2.28663
0.241357, 2.28769
0.240781, 2.28875
0.240208, 2.28982
0.239938, 2.29032
0.239637, 2.2909
0.23907, 2.29201
0.238505, 2.29312
0.237942, 2.29422
0.237833, 2.29444
0.237382, 2.29537
0.236825, 2.29652
0.236271, 2.29768
0.235719, 2.29883
0.235169, 2.29999
0.234623, 2.30115
0.234078, 2.3023
0.233537, 2.30346
0.232997, 2.30461
0.232461, 2.30577
0.231926, 2.30692
0.231395, 2.30808
0.230865, 2.30923
0.230338, 2.31039
0.230209, 2.31067
0.229814, 2.31159
0.229291, 2.3128
0.228772, 2.31402
0.228254, 2.31523
0.227739, 2.31644
0.227226, 2.31766
0.226747, 2.3188
0.226716, 2.31888
0.226207, 2.32019
0.225702, 2.3215
0.225198, 2.32281
0.224696, 2.32412
0.224197, 2.32543
0.2237, 2.32674
0.223205, 2.32805
0.222713, 2.32936
0.222222, 2.33067
0.221734, 2.33198
0.221248, 2.33329
0.220764, 2.3346
0.220282, 2.33591
0.219802, 2.33722
0.219324, 2.33853
0.218849, 2.33984
0.218375, 2.34115
0.217903, 2.34246
0.217434, 2.34377
0.216966, 2.34508
0.216501, 2.34639
0.216037, 2.3477
0.215576, 2.34901
0.215116, 2.35032
0.214659, 2.35163
0.214438, 2.35227
0.214203, 2.35298
0.213856, 2.35405
0.213749, 2.35443
0.213297, 2.35604
0.212848, 2.35766
0.2124, 2.35928
0.211953, 2.3609
0.211509, 2.36251
0.211067, 2.36413
0.210626, 2.36575
0.210187, 2.36737
0.209751, 2.36898
0.209315, 2.3706
0.208882, 2.37222
0.208451, 2.37384
0.208021, 2.37545
0.207593, 2.37707
0.207167, 2.37869
0.206742, 2.3803
0.2066, 2.38085
0.20632, 2.38197
0.205899, 2.38366
0.205479, 2.38534
0.205062, 2.38703
0.204646, 2.38872
0.204232, 2.39041
0.203819, 2.39209
0.203408, 2.39378
0.202999, 2.39547
0.202592, 2.39716
0.202186, 2.39884
0.201781, 2.40053
0.201379, 2.40222
0.200978, 2.40391
0.200578, 2.40559
0.20018, 2.40728
0.199784, 2.40897
0.199389, 2.41066
0.198996, 2.41235
0.198604, 2.41403
0.1984, 2.41492
0.198214, 2.41586
0.197826, 2.41783
0.197439, 2.41981
0.197053, 2.42178
0.196669, 2.42376
0.196286, 2.42574
0.195905, 2.42771
0.195526, 2.42969
0.195148, 2.43166
0.194771, 2.43364
0.194396, 2.43561
0.194022, 2.43759
0.19365, 2.43957
0.193279, 2.44154
0.192909, 2.44352
0.192541, 2.44549
0.192175, 2.44747
0.191809, 2.44944
0.191445, 2.45142
0.191083, 2.45339
0.190722, 2.45537
0.1907, 2.45549
0.190362, 2.45769
0.190003, 2.46003
0.189646, 2.46238
0.189291, 2.46472
0.188936, 2.46706
0.188583, 2.4694
0.188231, 2.47175
0.187881, 2.47409
0.187532, 2.47643
0.187184, 2.47877
0.186837, 2.48112
0.186492, 2.48346
0.186148, 2.4858
0.185805, 2.48814
0.185464, 2.49049
0.185123, 2.49283
0.184784, 2.49517
0.184447, 2.49751
0.18411, 2.49986
0.183775, 2.5022
0.1837, 2.50272
0.183441, 2.5049
0.183108, 2.50769
0.182776, 2.51049
0.182446, 2.51329
0.182116, 2.51609
0.181788, 2.51889
0.181462, 2.52168
0.181136, 2.52448
0.180811, 2.52728
0.180488, 2.53008
0.180166, 2.53287
0.179844, 2.53567
0.179525, 2.53847
0.179206, 2.54127
0.178888, 2.54407
0.178571, 2.54686
0.178256, 2.54966
0.177942, 2.55246
0.177628, 2.55526
0.177316, 2.55806
0.1771, 2.56
0.177005, 2.56097
0.176695, 2.56414
0.176386, 2.56732
0.176079, 2.57049
0.175772, 2.57366
0.175466, 2.57684
0.175162, 2.58001
0.174858, 2.58318
0.174556, 2.58636
0.174254, 2.58953
0.173954, 2.5927
0.173655, 2.59588
0.173356, 2.59905
0.173059, 2.60223
0.172763, 2.6054
0.172467, 2.60857
0.1722, 2.61146
0.172173, 2.61176
0.17188, 2.61512
0.171588, 2.61848
0.171296, 2.62184
0.171006, 2.6252
0.170717, 2.62856
0.170428, 2.63192
0.170141, 2.63528
0.169855, 2.63864
0.169569, 2.642
0.169285, 2.64535
0.169001, 2.64871
0.168719, 2.65207
0.168437, 2.65543
0.168156, 2.65879
0.167877, 2.66215
0.167598, 2.66551
0.1675, 2.66669
0.16732, 2.66931
0.167043, 2.67336
0.166767, 2.6774
0.166492, 2.68144
0.166217, 2.68549
0.165944, 2.68953
0.165672, 2.69357
0.1654, 2.69762
0.165129, 2.70166
0.16486, 2.70571
0.164591, 2.70975
0.164323, 2.71379
0.164056, 2.71784
0.163789, 2.72188
0.163524, 2.72592
0.163259, 2.72997
0.1631, 2.73241
0.162996, 2.73431
0.162733, 2.73911
0.162471, 2.74391
0.16221, 2.74871
0.161949, 2.75351
0.16169, 2.75831
0.161431, 2.76311
0.161173, 2.76791
0.160916, 2.77271
0.16066, 2.7775
0.160405, 2.7823
0.16015, 2.7871
0.159896, 2.7919
0.159643, 2.7967
0.159391, 2.8015
0.15914, 2.8063
0.159, 2.80898
0.158889, 2.81135
0.158639, 2.81671
0.15839, 2.82207
0.158142, 2.82744
0.157895, 2.8328
0.157648, 2.83816
0.157402, 2.84352
0.157157, 2.84889
0.156913, 2.85425
0.156669, 2.85961
0.156426, 2.86497
0.156184, 2.87034
0.155943, 2.8757
0.155702, 2.88106
0.155462, 2.88642
0.155223, 2.89179
0.155, 2.8968
0.154985, 2.89719
0.154747, 2.90311
0.15451, 2.90903
0.154274, 2.91495
0.154038, 2.92088
0.153804, 2.9268
0.153569, 2.93272
0.153336, 2.93865
0.153103, 2.94457
0.1531, 2.94466
0.152872, 2.95039
0.15264, 2.95622
0.15241, 2.96204
0.15218, 2.96787
0.151951, 2.97369
0.151722, 2.97952
0.151494, 2.98534
0.151267, 2.99117
0.1512, 2.9929
0.151041, 2.99807
0.150815, 3.00542
0.15059, 3.01277
0.150366, 3.02012
0.150142, 3.02747
0.149919, 3.03482
0.149697, 3.04217
0.149475, 3.04952
0.1494, 3.05201
0.149254, 3.0568
0.149033, 3.06405
0.148814, 3.07129
0.148594, 3.07854
0.148376, 3.08578
0.148158, 3.09303
0.147941, 3.10027
0.147724, 3.10752
0.1476, 3.11169
0.147508, 3.11528
0.147293, 3.12374
0.147078, 3.1322
0.146864, 3.14065
0.146651, 3.14911
0.146438, 3.15757
0.146226, 3.16603
0.146014, 3.17448
0.1459, 3.17906
0.145803, 3.18309
0.145593, 3.19188
0.145383, 3.20068
0.145174, 3.20947
0.144965, 3.21826
0.144757, 3.22705
0.14455, 3.23584
0.144343, 3.24463
0.1442, 3.25074
0.144137, 3.25366
0.143932, 3.26321
0.143727, 3.27277
0.143522, 3.28232
0.143318, 3.29188
0.143115, 3.30143
0.142912, 3.31098
0.14271, 3.32054
0.142509, 3.33009
0.1425, 3.33051
0.142308, 3.34143
0.142107, 3.35285
0.141907, 3.36427
0.141708, 3.37569
0.141509, 3.38711
0.141311, 3.39853
0.141114, 3.40994
0.140917, 3.42136
0.1409, 3.42233
0.14072, 3.4331
0.140524, 3.44487
0.140329, 3.45664
0.140134, 3.46841
0.139939, 3.48018
0.139746, 3.49194
0.139552, 3.50371
0.13936, 3.51548
0.1393, 3.51913
0.139168, 3.52838
0.138976, 3.54179
0.138785, 3.5552
0.138594, 3.5686
0.138404, 3.58201
0.138214, 3.59542
0.138025, 3.60883
0.137837, 3.62224
0.1378, 3.62486
0.137649, 3.63597
0.137461, 3.64979
0.137274, 3.6636
0.137088, 3.67742
0.136902, 3.69123
0.136716, 3.70505
0.136531, 3.71886
0.136347, 3.73268
0.1362, 3.74371
0.136163, 3.74718
0.135979, 3.7644
0.135796, 3.78163
0.135614, 3.79885
0.135432, 3.81607
0.13525, 3.83329
0.135069, 3.85052
0.134889, 3.86774
0.1348, 3.87623
0.134709, 3.88506
0.134529, 3.90247
0.13435, 3.91988
0.134171, 3.93729
0.133993, 3.9547
0.133816, 3.97211
0.133638, 3.98952
0.133462, 4.00693
0.1333, 4.02289
0.133285, 4.02461
0.133109, 4.0452
0.132934, 4.06579
0.132759, 4.08639
0.132585, 4.10698
0.132411, 4.12758
0.132237, 4.14817
0.132064, 4.16877
0.1319, 4.18836
0.131892, 4.18945
0.131719, 4.21199
0.131548, 4.23452
0.131376, 4.25706
0.131206, 4.2796
0.131035, 4.30213
0.130865, 4.32467
0.130696, 4.3472
0.130527, 4.36974
0.1305, 4.37332
0.130358, 4.39342
0.13019, 4.41731
0.130022, 4.4412
0.129855, 4.4651
0.129688, 4.48899
0.129522, 4.51288
0.129356, 4.53678
0.12919, 4.56067
0.1291, 4.57367
0.129025, 4.58561
0.12886, 4.6118
0.128696, 4.638
0.128532, 4.66419
0.128368, 4.69039
0.128205, 4.71658
0.128042, 4.74278
0.12788, 4.76897
0.1278, 4.78194
0.127718, 4.79568
0.127557, 4.82291
0.127396, 4.85013
0.127235, 4.87735
0.127075, 4.90457
0.126915, 4.93179
0.126756, 4.95901
0.126597, 4.98624
0.1265, 5.00282
0.126438, 5.01201
0.12628, 5.03552
0.126122, 5.05903
0.125965, 5.08254
0.125808, 5.10605
0.125651, 5.12957
0.125495, 5.15308
0.125339, 5.17659
0.1252, 5.19757
0.125183, 5.19932
0.125028, 5.21561
0.124873, 5.23189
0.124719, 5.24817
0.124565, 5.26445
0.124412, 5.28074
0.124258, 5.29702
0.124106, 5.3133
0.124, 5.32457
0.123953, 5.32078
0.123801, 5.30846
0.123649, 5.29614
0.123498, 5.28383
0.123347, 5.27151
0.123196, 5.25919
0.123046, 5.24688
0.122896, 5.23456
0.1228, 5.22662
0.122747, 5.19749
0.122598, 5.11557
0.122449, 5.03365
0.122301, 4.95173
0.122153, 4.86982
0.122005, 4.7879
0.121858, 4.70598
0.121711, 4.62406
0.121564, 4.54214
0.1215, 4.50638
0.121418, 4.41914
0.121272, 4.26431
0.121126, 4.10948
0.121, 3.975
0.120981, 3.95487
0.120836, 3.80176
0.120692, 3.64865
0.120547, 3.49554
0.120404, 3.34242
0.1204, 3.33868
0.12026, 3.16237
0.120117, 2.98164
0.119974, 2.80092
0.119832, 2.62019
0.1198, 2.58006
0.119689, 2.4485
0.119548, 2.2794
0.119406, 2.11029
0.119265, 1.94119
0.1192, 1.86308
0.119124, 1.79417
0.118984, 1.66611
0.118844, 1.53805
0.118704, 1.40999
0.1187, 1.40643
0.118564, 1.36522
0.118425, 1.32284
0.118286, 1.28046
0.118148, 1.23809
0.1181, 1.22339
0.11801, 1.23699
0.117872, 1.25781
0.117734, 1.27864
0.117597, 1.29946
0.11746, 1.32029
0.117324, 1.34111
0.117188, 1.36193
0.117052, 1.38276
0.117, 1.39067
0.116916, 1.41891
0.116781, 1.46446
0.116646, 1.51002
0.116511, 1.55557
0.116377, 1.60112
0.116243, 1.64667
0.116109, 1.69223
0.115975, 1.73778
0.1159, 1.76354
0.115842, 1.78297
0.115709, 1.82769
0.115577, 1.87242
0.115445, 1.91714
0.115313, 1.96186
0.115181, 2.00658
0.11505, 2.05131
0.114919, 2.09603
0.1148, 2.13665
0.114788, 2.14086
0.114658, 2.18673
0.114527, 2.2326
0.114398, 2.27848
0.114268, 2.32435
0.114139, 2.37022
0.11401, 2.41609
0.113881, 2.46197
0.113753, 2.50784
0.1137, 2.52674
0.113625, 2.53971
0.113497, 2.56175
0.113369, 2.5838
0.113242, 2.60585
0.113115, 2.62789
0.112989, 2.64994
0.112862, 2.67199
0.112736, 2.69403
0.1127, 2.70036
0.11261, 2.69608
0.112485, 2.69007
0.11236, 2.68407
0.112235, 2.67807
0.11211, 2.67206
0.111985, 2.66606
0.111861, 2.66005
0.111737, 2.65405
0.111614, 2.64805
0.111491, 2.64204
0.111368, 2.63604
0.111245, 2.63003
0.111122, 2.62403
0.111, 2.61802
0.110878, 2.61202
0.110756, 2.60602
0.1107, 2.60323
0.110635, 2.59263
0.110514, 2.57286
0.110393, 2.55309
0.110272, 2.53333
0.110152, 2.51356
0.110032, 2.49379
0.109912, 2.47402
0.109792, 2.45426
0.109673, 2.43449
0.109554, 2.41472
0.109435, 2.39495
0.109317, 2.37519
0.109198, 2.35542
0.10908, 2.33565
0.108962, 2.31588
0.108845, 2.29611
0.1088, 2.28856
0.108728, 2.27532
0.108611, 2.25389
0.108494, 2.23247
0.108377, 2.21104
0.108261, 2.18961
0.108145, 2.16819
0.108029, 2.14676
0.107914, 2.12533
0.107798, 2.10391
0.107683, 2.08248
0.107569, 2.06105
0.107454, 2.03963
0.10734, 2.0182
0.107226, 1.99677
0.107112, 1.97535
0.106998, 1.95392
0.1069, 1.93534
0.106885, 1.933
0.106772, 1.91542
0.106659, 1.89783
0.106546, 1.88025
0.106434, 1.86266
0.106322, 1.84507
0.10621, 1.82749
0.106098, 1.8099
0.105987, 1.79232
0.105876, 1.77473
0.105765, 1.75715
0.105654, 1.73956
0.105543, 1.72197
0.105433, 1.70439
0.105323, 1.6868
0.105213, 1.66922
0.105104, 1.65163
0.1051, 1.65104
0.104994, 1.63852
0.104885, 1.62557
0.104776, 1.61261
0.104668, 1.59966
0.104559, 1.5867
0.104451, 1.57375
0.104343, 1.56079
0.104235, 1.54784
0.104128, 1.53488
0.10402, 1.52193
0.103913, 1.50897
0.103806, 1.49602
0.1037, 1.48306
0.103593, 1.47011
0.103487, 1.45715
0.103381, 1.4442
0.1033, 1.4343
0.103275, 1.43285
0.103169, 1.42667
0.103064, 1.42049
0.102959, 1.41432
0.102854, 1.40814
0.102749, 1.40197
0.102645, 1.39579
0.10254, 1.38962
0.102436, 1.38344
0.102332, 1.37727
0.102229, 1.37109
0.102125, 1.36492
0.102022, 1.35874
0.101919, 1.35256
0.101816, 1.34639
0.101714, 1.34021
0.101611, 1.33404
0.101509, 1.32786
0.101407, 1.32169
0.101305, 1.31551
0.101204, 1.30934
0.1012, 1.30912
0.101102, 1.30792
0.101001, 1.30666
0.1009, 1.30541
0.100799, 1.30416
0.100699, 1.30291
0.100598, 1.30166
0.100498, 1.30041
0.100398, 1.29916
0.100298, 1.29791
0.100199, 1.29665
0.100099, 1.2954
0.1, 1.29415
500, 3.82196
250, 3.8298
166.7, 3.83761
125, 3.8493
100, 3.86884
40, 4.40788
36.36, 4.60647
33.33, 4.87961
30.77, 5.20819
28.57, 5.68564
26.67, 6.39677
25, 7.34451
23.81, 7.9351
22.73, 6.956
21.74, 0.082764
21.28, -3.50984
21.05, -3.9244
20.83, -2.89455
20.41, -1.30466
20, -0.237969
19.61, 0.509888
19.23, 0.930275
18.97, 1.20579
18.52, 1.40894
17.86, 1.69877
17.24, 1.89311
16.67, 2.04727
16, 2.2152
15.38, 2.3849
14.81, 2.52538
14.29, 2.6748
13.79, 2.85855
13.33, 3.05221
13.16, 3.12798
12.99, 3.22457
12.82, 3.2041
12.66, 3.10193
12.5, 2.95536
12.35, 2.77712
12.2, 2.64463
12.05, 2.53694
11.9, 2.57954
11.76, 2.706
11.63, 2.84264
11.36, 3.17665
11.11, 3.4906
10.81, 4.15133
10.53, 4.93577
10.26, 5.93934
10, 6.99855
9.756, 7.13448
9.524, 4.8951
9.302, -0.0451
9.174, -4.30544
9.091, -5.41465
9.009, -4.81114
8.929, -3.28523
8.85, -2.21395
8.772, -1.58913
8.696, -1.18323
8.621, -0.93669
8.547, -0.739701
8.475, -0.590164
8.403, -0.481871
8.333, -0.382841
8.265, -0.290407
8.197, -0.215823
8.13, -0.144205
8.065, -0.0443884
8, 0.0648387
7.937, 0.172087
7.874, 0.280255
7.813, 0.38248
7.752, 0.492947
7.692, 0.594446
7.634, 0.674534
7.576, 0.7396
7.519, 0.791566
7.463, 0.841806
7.407, 0.900002
7.353, 0.941288
7.246, 1.0282
7.143, 1.1087
7.042, 1.17506
6.944, 1.22545
6.849, 1.28822
6.757, 1.34096
6.667, 1.38057
6.452, 1.4689
6.25, 1.53508
5.882, 1.63325
5.556, 1.7056
5, 1.80095
4.545, 1.86322
4.167, 1.91269
3.846, 1.94602
3.7067, 1.95821
3.5564, 1.97172
3.507, 1.97594
3.422, 1.983
3.3026, 1.99247
3.2668, 1.99524
3.2439, 1.99696
2.4374, 2.04762
2.32542, 2.05326
2.1526, 2.06141
2.0581, 2.0656
1.97009, 2.06931
1.81307, 2.07559
1.70913, 2.07951
1.6932, 2.08011
1.681, 2.08055
1.6606, 2.0813
1.52952, 2.08592
1.4695, 2.08794
1.39506, 2.09045
1.3622, 2.09152
1.12866, 2.09925
1.08297, 2.10079
1.01398, 2.10323
0.89435, 2.10787
0.852111, 2.1097
0.706519, 2.11746
0.667815, 2.12017
0.656272, 2.12101
0.643847, 2.122
0.589262, 2.12696
0.587561, 2.12713
0.579065, 2.12801
0.576959, 2.12824
0.546074, 2.13183
0.508582, 2.13706
0.486133, 2.14075
0.467816, 2.14415
0.435835, 2.15118
0.404656, 2.15975
0.365015, 2.17424
0.361051, 2.17598
0.34662, 2.18289
0.340365, 2.1862
0.334148, 2.18969
0.330259, 2.19197
0.30215, 2.21173
0.296728, 2.21632
0.28936, 2.22305
0.280347, 2.23216
0.275278, 2.23778
0.269885, 2.24415
0.265204, 2.25012
0.248272, 2.2753
0.239938, 2.29032
0.237833, 2.29444
0.230209, 2.31067
0.226747, 2.3188
0.214438, 2.35227
0.213856, 2.35405
0.2066, 2.38085
0.1984, 2.41492
0.1907, 2.45549
0.1837, 2.50272
0.1771, 2.56
0.1722, 2.61146
0.1675, 2.66669
0.1631, 2.73241
0.159, 2.80898
0.155, 2.8968
0.1531, 2.94466
0.1512, 2.9929
0.1494, 3.05201
0.1476, 3.11169
0.1459, 3.17906
0.1442, 3.25074
0.1425, 3.33051
0.1409, 3.42233
0.1393, 3.51913
0.1378, 3.62486
0.1362, 3.74371
0.1348, 3.87623
0.1333, 4.02289
0.1319, 4.18836
0.1305, 4.37332
0.1291, 4.57367
0.1278, 4.78194
0.1265, 5.00282
0.1252, 5.19757
0.124, 5.32457
0.1228, 5.22662
0.1215, 4.50638
0.121, 3.975
0.1204, 3.33868
0.1198, 2.58006
0.1192, 1.86308
0.1187, 1.40643
0.1181, 1.22339
0.117, 1.39067
0.1159, 1.76354
0.1148, 2.13665
0.1137, 2.52674
0.1127, 2.70036
0.1107, 2.60323
0.1088, 2.28856
0.1069, 1.93534
0.1051, 1.65104
0.1033, 1.4343
0.1012, 1.30912
0.09919, 1.28384
0.09724, 1.29563
0.09537, 1.31342
0.09357, 1.30962
0.09184, 1.25714
0.09017, 1.11038
0.08856, 0.947361
0.087, 0.862224
0.08551, 0.833584
0.08405, 0.834504
0.08266, 0.858703
0.0813, 0.873288
0.07999, 0.889168
0.07872, 0.893475
0.07749, 0.859495
0.0763, 0.793167
0.07514, 0.722744
0.07402, 0.678151
0.07293, 0.55936
0.07187, 0.478731
0.07085, 0.435501
0.06985, 0.416264
0.06888, 0.408905
0.06701, 0.401
0.06526, 0.397579
0.06358, 0.396872
0.06199, 0.395656
0.06, 0.496035
0.05904, 0.403029
0.059, 0.491877
0.058, 0.489749
0.057, 0.491389
0.05636, 0.404809
0.056, 0.502341
0.055, 0.50922
0.054, 0.519264
0.05391, 0.41072
0.053, 0.523765
0.052, 0.531987
0.05166, 0.426384
0.051, 0.542732
0.05, 0.554809
0.04959, 0.431664
0.049, 0.566892
0.048, 0.579964
0.047, 0.598469
0.046, 0.6132
0.045, 0.62816
0.044, 0.643125
0.043, 0.657789
0.042, 0.671521
0.041, 0.685464
0.04, 0.699865
0.039, 0.715428
0.038, 0.731187
0.037, 0.740516
0.036, 0.754729
0.035, 0.765155
0.034, 0.777095
0.033, 0.791421
0.032, 0.802965
0.031, 0.814185
0.03, 0.825469
0.029, 0.828124
0.028, 0.836181
0.027, 0.843064
0.026, 0.823739
0.025, 0.835564
0.024, 0.847112
0.023, 0.85681
0.022, 0.867981
0.021, 0.87906
0.02, 0.885212
0.019, 0.893415
0.018, 0.903421
0.017, 0.913723
0.016, 0.922626
0.015, 0.927744
0.0138, 0.949934
0.0136, 0.952685
0.0134, 0.954453
0.0132, 0.956024
0.013, 0.958187
0.0128, 0.959167
0.0126, 0.960935
0.0124, 0.962901
0.0122, 0.964867
0.012, 0.968017
0.0118, 0.971745
0.0116, 0.973465
0.0114, 0.965643
0.0112, 0.96463
0.011, 0.968962
0.0108, 0.969733
0.0106, 0.968361
0.0104, 0.970353
0.0102, 0.97311
0.01, 0.974865
0.0098, 0.974441
0.0096, 0.973651
0.0094, 0.971672
0.0092, 0.970899
0.009, 0.970718
0.0088, 0.971131
0.0086, 0.97213
0.0084, 0.973124
0.0082, 0.974313
0.008051, 0.975103
0.007847, 0.97649
0.007653, 0.977484
0.007469, 0.978676
0.007293, 0.97967
0.007125, 0.980546
0.006965, 0.981421
0.006812, 0.982216
0.00663, 0.983151
0.006491, 0.983848
0.006325, 0.984664
0.006168, 0.98542
0.006018, 0.986117
0.005876, 0.986754
0.00574, 0.987372
0.00561, 0.987929
0.005462, 0.988567
0.005344, 0.989045
0.005209, 0.989583
0.005081, 0.990101
0.004959, 0.990559
0.004843, 0.990997
0.004732, 0.991416
0.004609, 0.991855
0.004508, 0.992193
0.004396, 0.992592
0.00429, 0.992931
0.004188, 0.99327
0.004092, 0.993569
0.003986, 0.993908
0.003899, 0.994168
0.003803, 0.994447
0.003712, 0.994707
0.003625, 0.994946
0.003532, 0.995205
0.003453, 0.995425
0.003369, 0.995644
0.003289, 0.995844
0.003212, 0.996044
0.003131, 0.996243
0.003054, 0.996423
0.002987, 0.996563
0.00291, 0.996743
0.002844, 0.996902
0.002774, 0.997042
0.002707, 0.997182
0.002643, 0.997322
0.002583, 0.997442
0.00252, 0.997561
0.00246, 0.997681
0.002403, 0.997781
0.002344, 0.997881
0.002287, 0.997981
0.002234, 0.998081
0.002179, 0.998181
0.002127, 0.998261
0.002077, 0.998341
0.002026, 0.998421
0.001977, 0.9985
0.001931, 0.99856
0.001884, 0.99864
0.001839, 0.9987
0.001797, 0.99876
0.001754, 0.99882
0.00171, 0.99888
0.001671, 0.99892
0.001631, 0.99898
0.001592, 0.99902
0.001554, 0.99908
0.001516, 0.99912
0.001479, 0.99916
0.001445, 0.9992
0.00141, 0.99924
0.001376, 0.99928
0.001343, 0.9993
0.001312, 0.99934
0.001281, 0.99936
0.00125, 0.9994
0.00122, 0.99942
0.001191, 0.99946
0.001162, 0.99948
0.001134, 0.9995
0.001108, 0.99952
0.001081, 0.99956
0.001055, 0.99958
0.00103, 0.9996
0.001005, 0.99962
0.0009816, 0.99962
0.0009581, 0.99964
0.000935, 0.99966
0.0009129, 0.99968
0.0008906, 0.9997
0.0008694, 0.9997
0.0008492, 0.99972
0.0008287, 0.99974
0.0008087, 0.99974
0.0007897, 0.99976
0.0007705, 0.99978
0.0007523, 0.99978
0.0007345, 0.9998
0.0007166, 0.9998
0.0006997, 0.99982
0.0006831, 0.99982
0.0006665, 0.99982
0.0006508, 0.99984
0.0006351, 0.99984
0.0006199, 0.99986



