SiO2 (Glass) - Palik

wavelength (microns), Im(eps)
10, 2.74249
9.756, 5.46224
9.524, 9.108
9.302, 10.17
9.174, 8.50016
9.09836, 5.60373
9.091, 5.3193
9.009, 2.65408
8.929, 1.37085
8.85, 1.09028
8.772, 1.03356
8.696, 1.00831
8.621, 0.976482
8.547, 0.910714
8.475, 0.857128
8.403, 0.79464
8.34586, 0.725108
8.333, 0.70932
8.265, 0.637824
8.197, 0.549783
8.13, 0.444612
8.065, 0.350645
8, 0.2657
7.937, 0.202046
7.874, 0.144038
7.813, 0.0957235
7.752, 0.0667108
7.70833, 0.0599703
7.692, 0.0574294
7.634, 0
7.576, 0
7.519, 0
7.463, 0
7.407, 0.0280845
7.353, 0
7.246, 0
7.16129, 0.0183126
7.143, 0.0223236
7.042, 0
6.944, 0
6.849, 0
6.757, 0
6.68675, 0.0130954
6.667, 0.016826
6.452, 0.0159257
6.27119, 0.0161316
6.25, 0.0161566
5.90426, 0.015245
5.882, 0.0151826
5.57789, 0.0147393
5.556, 0.0147056
5.28571, 0.0128555
5.02262, 0.0108634
5, 0.0106823
4.78448, 0.00619022
4.5679, 0.0012489
4.545, 0.00069888
4.37008, 0.000521092
4.18868, 0.000321036
4.167, 0.000295962
4.02174, 0.00022777
3.8676, 0.000149806
3.846, 0.000138384
3.72483, 1.85989e-05
3.7067, 0
3.59223, 0
3.5564, 0
3.507, 0
3.46875, 0
3.422, 0
3.35347, 0
3.3026, 0
3.2668, 0
3.24561, 0
3.2439, 0
3.14448, 0
3.04945, 0
2.96, 0
2.87565, 0
2.79597, 0
2.72059, 0
2.64916, 0
2.5814, 0
2.51701, 0
2.45575, 0
2.4374, 0
2.39741, 0
2.34177, 0
2.32542, 0
2.28866, 0
2.2379, 0
2.18935, 0
2.1526, 0
2.14286, 0
2.0983, 0
2.0581, 0
2.05556, 0
2.01452, 0
1.97509, 0
1.97009, 0
1.93717, 0
1.90068, 0
1.86555, 0
1.83168, 0
1.81307, 0
1.79903, 0
1.76752, 0
1.73709, 0
1.70913, 0
1.70769, 0
1.6932, 0
1.681, 0
1.67927, 0
1.6606, 0
1.65179, 0
1.62518, 0
1.59942, 0
1.57447, 0
1.55028, 0
1.52952, 0
1.52682, 0
1.50407, 0
1.48198, 0
1.4695, 0
1.46053, 0
1.43969, 0
1.41944, 0
1.39975, 0
1.39506, 0
1.3806, 0
1.3622, 0
1.36196, 0
1.34383, 0
1.32616, 0
1.30896, 0
1.2922, 0
1.27586, 0
1.25993, 0
1.24439, 0
1.22924, 0
1.21444, 0
1.2, 0
1.1859, 0
1.17212, 0
1.15866, 0
1.14551, 0
1.13265, 0
1.12866, 0
1.12008, 0
1.10778, 0
1.09576, 0
1.08398, 0
1.08297, 0
1.07246, 0
1.06119, 0
1.05014, 0
1.03933, 0
1.02873, 0
1.01835, 0
1.01398, 0
1.00817, 0
0.998201, 0
0.988424, 0
0.978836, 0
0.969432, 0
0.960208, 0
0.951157, 0
0.942275, 0
0.933558, 0
0.925, 0
0.916598, 0
0.908347, 0
0.900243, 0
0.89435, 0
0.892283, 0
0.884462, 0
0.876777, 0
0.869225, 0
0.861801, 0
0.854503, 0
0.852111, 0
0.847328, 0
0.840273, 0
0.833333, 0
0.826508, 0
0.819793, 0
0.813187, 0
0.806686, 0
0.800288, 0
0.793991, 0
0.787793, 0
0.78169, 0
0.775681, 0
0.769764, 0
0.763937, 0
0.758197, 0
0.752542, 0
0.746972, 0
0.741483, 0
0.736074, 0
0.730744, 0
0.72549, 0
0.720311, 0
0.715206, 0
0.710173, 0
0.706519, 0
0.70521, 0
0.700315, 0
0.695489, 0
0.690728, 0
0.686032, 0
0.6814, 0
0.676829, 0
0.67232, 0
0.66787, 0
0.667815, 0
0.663479, 0
0.659145, 0
0.656272, 0
0.654867, 0
0.650645, 0
0.646476, 0
0.643847, 0
0.642361, 0
0.638298, 0
0.634286, 0
0.630324, 0
0.626411, 0
0.622546, 0
0.618729, 0
0.614958, 0
0.611233, 0
0.607553, 0
0.603917, 0
0.600324, 0
0.596774, 0
0.593266, 0
0.589798, 0
0.589262, 0
0.587561, 0
0.586371, 0
0.582983, 0
0.579634, 0
0.579065, 0
0.576959, 0
0.576324, 0
0.573051, 0
0.569815, 0
0.566616, 0
0.563452, 0
0.560323, 0
0.557229, 0
0.554169, 0
0.551142, 0
0.548148, 0
0.546074, 0
0.545187, 0
0.542257, 0
0.539359, 0
0.536491, 0
0.533654, 0
0.530846, 0
0.528069, 0
0.525319, 0
0.522599, 0
0.519906, 0
0.517241, 0
0.514604, 0
0.511993, 0
0.509408, 0
0.508582, 0
0.506849, 0
0.504316, 0
0.501808, 0
0.499325, 0
0.496867, 0
0.494432, 0
0.492021, 0
0.489634, 0
0.48727, 0
0.486133, 0
0.484928, 0
0.482609, 0
0.480312, 0
0.478036, 0
0.475782, 0
0.473549, 0
0.471338, 0
0.469146, 0
0.467816, 0
0.466975, 0
0.464824, 0
0.462693, 0
0.460581, 0
0.458488, 0
0.456414, 0
0.454359, 0
0.452323, 0
0.450304, 0
0.448304, 0
0.446321, 0
0.444355, 0
0.442407, 0
0.440476, 0
0.438562, 0
0.436664, 0
0.435835, 0
0.434783, 0
0.432917, 0
0.431068, 0
0.429234, 0
0.427416, 0
0.425613, 0
0.423826, 0
0.422053, 0
0.420295, 0
0.418552, 0
0.416823, 0
0.415108, 0
0.413408, 0
0.411721, 0
0.410048, 0
0.408389, 0
0.406742, 0
0.405109, 0
0.404656, 0
0.40349, 0
0.401883, 0
0.400288, 0
0.398707, 0
0.397138, 0
0.395581, 0
0.394036, 0
0.392504, 0
0.390983, 0
0.389474, 0
0.387976, 0
0.38649, 0
0.385016, 0
0.383552, 0
0.3821, 0
0.380658, 0
0.379228, 0
0.377808, 0
0.376399, 0
0.375, 0
0.373612, 0
0.372233, 0
0.370865, 0
0.369507, 0
0.368159, 0
0.366821, 0
0.365492, 0
0.365015, 0
0.364173, 0
0.362864, 0
0.361564, 0
0.361051, 0
0.360273, 0
0.358991, 0
0.357718, 0
0.356455, 0
0.3552, 0
0.353954, 0
0.352717, 0
0.351488, 0
0.350268, 0
0.349057, 0
0.347853, 0
0.346658, 0
0.34662, 0
0.345472, 0
0.344293, 0
0.343122, 0
0.341959, 0
0.340804, 0
0.340365, 0
0.339657, 0
0.338518, 0
0.337386, 0
0.336262, 0
0.335145, 0
0.334148, 0
0.334036, 0
0.332933, 0
0.331839, 0
0.330751, 0
0.330259, 0
0.32967, 0
0.328597, 0
0.32753, 0
0.326471, 0
0.325418, 0
0.324372, 0
0.323332, 0
0.3223, 0
0.321274, 0
0.320254, 0
0.319241, 0
0.318234, 0
0.317233, 0
0.316239, 0
0.315251, 0
0.31427, 0
0.313294, 0
0.312324, 0
0.31136, 0
0.310403, 0
0.309451, 0
0.308505, 0
0.307564, 0
0.30663, 0
0.305701, 0
0.304778, 0
0.30386, 0
0.302948, 0
0.30215, 0
0.302041, 0
0.301139, 0
0.300243, 0
0.299353, 0
0.298467, 0
0.297587, 0
0.296728, 0
0.296712, 0
0.295842, 0
0.294977, 0
0.294118, 0
0.293263, 0
0.292413, 0
0.291568, 0
0.290728, 0
0.289893, 0
0.28936, 0
0.289062, 0
0.288237, 0
0.287416, 0
0.2866, 0
0.285788, 0
0.284981, 0
0.284178, 0
0.28338, 0
0.282587, 0
0.281797, 0
0.281013, 0
0.280347, 0
0.280232, 0
0.279456, 0
0.278684, 0
0.277917, 0
0.277154, 0
0.276394, 0
0.275639, 0
0.275278, 0
0.274889, 0
0.274142, 0
0.273399, 0
0.27266, 0
0.271926, 0
0.271195, 0
0.270468, 0
0.269885, 0
0.269745, 0
0.269026, 0
0.26831, 0
0.267599, 0
0.266891, 0
0.266187, 0
0.265487, 0
0.265204, 0
0.26479, 0
0.264097, 0
0.263408, 0
0.262722, 0
0.26204, 0
0.261361, 0
0.260686, 0
0.260014, 0
0.259346, 0
0.258681, 0
0.25802, 0
0.257361, 0
0.256707, 0
0.256055, 0
0.255407, 0
0.254762, 0
0.254121, 0
0.253483, 0
0.252847, 0
0.252215, 0
0.251587, 0
0.250961, 0
0.250338, 0
0.249719, 0
0.249102, 0
0.248489, 0
0.248272, 0
0.247879, 0
0.247271, 0
0.246667, 0
0.246065, 0
0.245467, 0
0.244871, 0
0.244278, 0
0.243688, 0
0.243101, 0
0.242517, 0
0.241935, 0
0.241357, 0
0.240781, 0
0.240208, 0
0.239938, 0
0.239637, 0
0.23907, 0
0.238505, 0
0.237942, 0
0.237833, 0
0.237382, 0
0.236825, 0
0.236271, 0
0.235719, 0
0.235169, 0
0.234623, 0
0.234078, 0
0.233537, 0
0.232997, 0
0.232461, 0
0.231926, 0
0.231395, 0
0.230865, 0
0.230338, 0
0.230209, 0
0.229814, 0
0.229291, 0
0.228772, 0
0.228254, 0
0.227739, 0
0.227226, 0
0.226747, 0
0.226716, 0
0.226207, 0
0.225702, 0
0.225198, 0
0.224696, 0
0.224197, 0
0.2237, 0
0.223205, 0
0.222713, 0
0.222222, 0
0.221734, 0
0.221248, 0
0.220764, 0
0.220282, 0
0.219802, 0
0.219324, 0
0.218849, 0
0.218375, 0
0.217903, 0
0.217434, 0
0.216966, 0
0.216501, 0
0.216037, 0
0.215576, 0
0.215116, 0
0.214659, 0
0.214438, 0
0.214203, 0
0.213856, 0
0.213749, 0
0.213297, 0
0.212848, 0
0.2124, 0
0.211953, 0
0.211509, 0
0.211067, 0
0.210626, 0
0.210187, 0
0.209751, 0
0.209315, 0
0.208882, 0
0.208451, 0
0.208021, 0
0.207593, 0
0.207167, 0
0.206742, 0
0.2066, 0
0.20632, 0
0.205899, 0
0.205479, 0
0.205062, 0
0.204646, 0
0.204232, 0
0.203819, 0
0.203408, 0
0.202999, 0
0.202592, 0
0.202186, 0
0.201781, 0
0.201379, 0
0.200978, 0
0.200578, 0
0.20018, 0
0.199784, 0
0.199389, 0
0.198996, 0
0.198604, 0
0.1984, 0
0.198214, 0
0.197826, 0
0.197439, 0
0.197053, 0
0.196669, 0
0.196286, 0
0.195905, 0
0.195526, 0
0.195148, 0
0.194771, 0
0.194396, 0
0.194022, 0
0.19365, 0
0.193279, 0
0.192909, 0
0.192541, 0
0.192175, 0
0.191809, 0
0.191445, 0
0.191083, 0
0.190722, 0
0.1907, 0
0.190362, 0
0.190003, 0
0.189646, 0
0.189291, 0
0.188936, 0
0.188583, 0
0.188231, 0
0.187881, 0
0.187532, 0
0.187184, 0
0.186837, 0
0.186492, 0
0.186148, 0
0.185805, 0
0.185464, 0
0.185123, 0
0.184784, 0
0.184447, 0
0.18411, 0
0.183775, 0
0.1837, 0
0.183441, 0
0.183108, 0
0.182776, 0
0.182446, 0
0.182116, 0
0.181788, 0
0.181462, 0
0.181136, 0
0.180811, 0
0.180488, 0
0.180166, 0
0.179844, 0
0.179525, 0
0.179206, 0
0.178888, 0
0.178571, 0
0.178256, 0
0.177942, 0
0.177628, 0
0.177316, 0
0.1771, 0
0.177005, 0
0.176695, 0
0.176386, 0
0.176079, 0
0.175772, 0
0.175466, 0
0.175162, 0
0.174858, 0
0.174556, 0
0.174254, 0
0.173954, 0
0.173655, 0
0.173356, 0
0.173059, 0
0.172763, 0
0.172467, 0
0.1722, 0
0.172173, 0
0.17188, 0
0.171588, 0
0.171296, 0
0.171006, 0
0.170717, 0
0.170428, 0
0.170141, 0
0.169855, 0
0.169569, 0
0.169285, 0
0.169001, 0
0.168719, 0
0.168437, 0
0.168156, 0
0.167877, 0
0.167598, 0
0.1675, 0
0.16732, 0
0.167043, 0
0.166767, 0
0.166492, 0
0.166217, 0
0.165944, 0
0.165672, 0
0.1654, 0
0.165129, 0
0.16486, 0
0.164591, 0
0.164323, 0
0.164056, 0
0.163789, 0
0.163524, 0
0.163259, 0
0.1631, 0
0.162996, 3.91347e-07
0.162733, 1.37885e-06
0.162471, 2.36635e-06
0.16221, 3.35386e-06
0.161949, 4.34136e-06
0.16169, 5.32887e-06
0.161431, 6.31637e-06
0.161173, 7.30387e-06
0.160916, 8.29138e-06
0.16066, 9.27888e-06
0.160405, 1.02664e-05
0.16015, 1.12539e-05
0.159896, 1.22414e-05
0.159643, 1.32289e-05
0.159391, 1.42164e-05
0.15914, 1.52039e-05
0.159, 1.57544e-05
0.158889, 4.47614e-05
0.158639, 0.000110308
0.15839, 0.000175855
0.158142, 0.000241402
0.157895, 0.000306948
0.157648, 0.000372495
0.157402, 0.000438042
0.157157, 0.000503588
0.156913, 0.000569135
0.156669, 0.000634682
0.156426, 0.000700229
0.156184, 0.000765775
0.155943, 0.000831322
0.155702, 0.000896869
0.155462, 0.000962415
0.155223, 0.00102796
0.155, 0.00108928
0.154985, 0.00108393
0.154747, 0.00100093
0.15451, 0.000917928
0.154274, 0.000834929
0.154038, 0.000751931
0.153804, 0.000668932
0.153569, 0.000585933
0.153336, 0.000502935
0.153103, 0.000419936
0.1531, 0.000418704
0.152872, 0.000559449
0.15264, 0.000702315
0.15241, 0.000845181
0.15218, 0.000988048
0.151951, 0.00113091
0.151722, 0.00127378
0.151494, 0.00141665
0.151267, 0.00155951
0.1512, 0.00160198
0.151041, 0.00188948
0.150815, 0.0022986
0.15059, 0.00270771
0.150366, 0.00311683
0.150142, 0.00352594
0.149919, 0.00393506
0.149697, 0.00434417
0.149475, 0.00475329
0.1494, 0.0048916
0.149254, 0.00539724
0.149033, 0.00616113
0.148814, 0.00692503
0.148594, 0.00768892
0.148376, 0.00845282
0.148158, 0.00921672
0.147941, 0.00998061
0.147724, 0.0107445
0.1476, 0.0111838
0.147508, 0.0116468
0.147293, 0.0127363
0.147078, 0.0138258
0.146864, 0.0149153
0.146651, 0.0160048
0.146438, 0.0170942
0.146226, 0.0181837
0.146014, 0.0192732
0.1459, 0.0198626
0.145803, 0.0204456
0.145593, 0.0217157
0.145383, 0.0229857
0.145174, 0.0242557
0.144965, 0.0255258
0.144757, 0.0267958
0.14455, 0.0280659
0.144343, 0.0293359
0.1442, 0.0302183
0.144137, 0.0305681
0.143932, 0.031714
0.143727, 0.03286
0.143522, 0.0340059
0.143318, 0.0351519
0.143115, 0.0362978
0.142912, 0.0374438
0.14271, 0.0385897
0.142509, 0.0397357
0.1425, 0.039785
0.142308, 0.0408626
0.142107, 0.0419886
0.141907, 0.0431147
0.141708, 0.0442408
0.141509, 0.0453668
0.141311, 0.0464929
0.141114, 0.047619
0.140917, 0.048745
0.1409, 0.04884
0.14072, 0.0499188
0.140524, 0.0510969
0.140329, 0.052275
0.140134, 0.0534531
0.139939, 0.0546312
0.139746, 0.0558094
0.139552, 0.0569875
0.13936, 0.0581656
0.1393, 0.0585312
0.139168, 0.0597067
0.138976, 0.0614111
0.138785, 0.0631156
0.138594, 0.06482
0.138404, 0.0665244
0.138214, 0.0682288
0.138025, 0.0699333
0.137837, 0.0716377
0.1378, 0.0719712
0.137649, 0.073492
0.137461, 0.0753827
0.137274, 0.0772734
0.137088, 0.0791641
0.136902, 0.0810548
0.136716, 0.0829455
0.136531, 0.0848362
0.136347, 0.0867269
0.1362, 0.088236
0.136163, 0.0887209
0.135979, 0.091123
0.135796, 0.0935252
0.135614, 0.0959273
0.135432, 0.0983295
0.13525, 0.100732
0.135069, 0.103134
0.134889, 0.105536
0.1348, 0.10672
0.134709, 0.108483
0.134529, 0.11196
0.13435, 0.115437
0.134171, 0.118913
0.133993, 0.12239
0.133816, 0.125867
0.133638, 0.129344
0.133462, 0.13282
0.1333, 0.136007
0.133285, 0.136423
0.133109, 0.141405
0.132934, 0.146388
0.132759, 0.151371
0.132585, 0.156353
0.132411, 0.161336
0.132237, 0.166319
0.132064, 0.171301
0.1319, 0.176042
0.131892, 0.176389
0.131719, 0.183539
0.131548, 0.190688
0.131376, 0.197838
0.131206, 0.204988
0.131035, 0.212138
0.130865, 0.219287
0.130696, 0.226437
0.130527, 0.233587
0.1305, 0.234722
0.130358, 0.244236
0.13019, 0.255546
0.130022, 0.266856
0.129855, 0.278166
0.129688, 0.289476
0.129522, 0.300785
0.129356, 0.312095
0.12919, 0.323405
0.1291, 0.32956
0.129025, 0.340548
0.12886, 0.364653
0.128696, 0.388758
0.128532, 0.412864
0.128368, 0.436969
0.128205, 0.461075
0.128042, 0.48518
0.12788, 0.509286
0.1278, 0.52122
0.127718, 0.535683
0.127557, 0.564327
0.127396, 0.592971
0.127235, 0.621615
0.127075, 0.650259
0.126915, 0.678904
0.126756, 0.707548
0.126597, 0.736192
0.1265, 0.753648
0.126438, 0.769123
0.12628, 0.808745
0.126122, 0.848366
0.125965, 0.887987
0.125808, 0.927608
0.125651, 0.96723
0.125495, 1.00685
0.125339, 1.04647
0.1252, 1.08182
0.125183, 1.08767
0.125028, 1.14195
0.124873, 1.19623
0.124719, 1.25051
0.124565, 1.30478
0.124412, 1.35906
0.124258, 1.41334
0.124106, 1.46762
0.124, 1.50518
0.123953, 1.52997
0.123801, 1.61048
0.123649, 1.691
0.123498, 1.77151
0.123347, 1.85202
0.123196, 1.93254
0.123046, 2.01305
0.122896, 2.09356
0.1228, 2.14544
0.122747, 2.18823
0.122598, 2.30853
0.122449, 2.42884
0.122301, 2.54914
0.122153, 2.66945
0.122005, 2.78976
0.121858, 2.91006
0.121711, 3.03037
0.121564, 3.15068
0.1215, 3.2032
0.121418, 3.24967
0.121272, 3.33214
0.121126, 3.41461
0.121, 3.48624
0.120981, 3.49581
0.120836, 3.56861
0.120692, 3.64142
0.120547, 3.71422
0.120404, 3.78702
0.1204, 3.7888
0.12026, 3.84483
0.120117, 3.90227
0.119974, 3.95971
0.119832, 4.01715
0.1198, 4.0299
0.119689, 4.02528
0.119548, 4.01934
0.119406, 4.0134
0.119265, 4.00746
0.1192, 4.00472
0.119124, 3.96637
0.118984, 3.89511
0.118844, 3.82384
0.118704, 3.75258
0.1187, 3.7506
0.118564, 3.6894
0.118425, 3.62646
0.118286, 3.56351
0.118148, 3.50057
0.1181, 3.47874
0.11801, 3.41764
0.117872, 3.32411
0.117734, 3.23058
0.117597, 3.13704
0.11746, 3.04351
0.117324, 2.94998
0.117188, 2.85645
0.117052, 2.76291
0.117, 2.72738
0.116916, 2.68696
0.116781, 2.62178
0.116646, 2.55661
0.116511, 2.49143
0.116377, 2.42625
0.116243, 2.36107
0.116109, 2.29589
0.115975, 2.23072
0.1159, 2.19385
0.115842, 2.18175
0.115709, 2.15391
0.115577, 2.12606
0.115445, 2.09821
0.115313, 2.07036
0.115181, 2.04252
0.11505, 2.01467
0.114919, 1.98682
0.1148, 1.96153
0.114788, 1.96094
0.114658, 1.95444
0.114527, 1.94795
0.114398, 1.94145
0.114268, 1.93496
0.114139, 1.92847
0.11401, 1.92197
0.113881, 1.91548
0.113753, 1.90899
0.1137, 1.90631
0.113625, 1.91174
0.113497, 1.92096
0.113369, 1.93019
0.113242, 1.93942
0.113115, 1.94865
0.112989, 1.95788
0.112862, 1.96711
0.112736, 1.97633
0.1127, 1.97898
0.11261, 2.00353
0.112485, 2.03796
0.11236, 2.0724
0.112235, 2.10683
0.11211, 2.14126
0.111985, 2.17569
0.111861, 2.21012
0.111737, 2.24456
0.111614, 2.27899
0.111491, 2.31342
0.111368, 2.34785
0.111245, 2.38228
0.111122, 2.41672
0.111, 2.45115
0.110878, 2.48558
0.110756, 2.52001
0.1107, 2.53598
0.110635, 2.5442
0.110514, 2.55952
0.110393, 2.57484
0.110272, 2.59017
0.110152, 2.60549
0.110032, 2.62082
0.109912, 2.63614
0.109792, 2.65147
0.109673, 2.66679
0.109554, 2.68211
0.109435, 2.69744
0.109317, 2.71276
0.109198, 2.72809
0.10908, 2.74341
0.108962, 2.75874
0.108845, 2.77406
0.1088, 2.77992
0.108728, 2.78101
0.108611, 2.78277
0.108494, 2.78453
0.108377, 2.78629
0.108261, 2.78805
0.108145, 2.78981
0.108029, 2.79157
0.107914, 2.79333
0.107798, 2.79509
0.107683, 2.79685
0.107569, 2.79861
0.107454, 2.80037
0.10734, 2.80212
0.107226, 2.80388
0.107112, 2.80564
0.106998, 2.8074
0.1069, 2.80893
0.106885, 2.80817
0.106772, 2.80244
0.106659, 2.79672
0.106546, 2.791
0.106434, 2.78527
0.106322, 2.77955
0.10621, 2.77382
0.106098, 2.7681
0.105987, 2.76238
0.105876, 2.75665
0.105765, 2.75093
0.105654, 2.7452
0.105543, 2.73948
0.105433, 2.73376
0.105323, 2.72803
0.105213, 2.72231
0.105104, 2.71658
0.1051, 2.71639
0.104994, 2.7062
0.104885, 2.69565
0.104776, 2.68511
0.104668, 2.67456
0.104559, 2.66402
0.104451, 2.65347
0.104343, 2.64292
0.104235, 2.63238
0.104128, 2.62183
0.10402, 2.61128
0.103913, 2.60074
0.103806, 2.59019
0.1037, 2.57964
0.103593, 2.5691
0.103487, 2.55855
0.103381, 2.54801
0.1033, 2.53995
0.103275, 2.53743
0.103169, 2.52676
0.103064, 2.51609
0.102959, 2.50542
0.102854, 2.49475
0.102749, 2.48408
0.102645, 2.47342
0.10254, 2.46275
0.102436, 2.45208
0.102332, 2.44141
0.102229, 2.43074
0.102125, 2.42007
0.102022, 2.4094
0.101919, 2.39873
0.101816, 2.38806
0.101714, 2.37739
0.101611, 2.36672
0.101509, 2.35606
0.101407, 2.34539
0.101305, 2.33472
0.101204, 2.32405
0.1012, 2.32368
0.101102, 2.31746
0.101001, 2.31101
0.1009, 2.30457
0.100799, 2.29812
0.100699, 2.29167
0.100598, 2.28523
0.100498, 2.27878
0.100398, 2.27234
0.100298, 2.26589
0.100199, 2.25944
0.100099, 2.253
0.1, 2.24655
500, 0.0311236
250, 0.0272414
166.7, 0.0337732
125, 0.0466956
100, 0.0625506
40, 0.1932
36.36, 0.240464
33.33, 0.29614
30.77, 0.420256
28.57, 0.62088
26.67, 1.00973
25, 2.17477
23.81, 4.29811
22.73, 7.57488
21.74, 10.5706
21.28, 7.09352
21.05, 4.44888
20.83, 2.79632
20.41, 1.47891
20, 1.08767
19.61, 0.928214
19.23, 0.8715
18.97, 0.875394
18.52, 0.84227
17.86, 0.796852
17.24, 0.739728
16.67, 0.6815
16, 0.606808
15.38, 0.56602
14.81, 0.536928
14.29, 0.515902
13.79, 0.533172
13.33, 0.621624
13.16, 0.683136
12.99, 0.82174
12.82, 0.99605
12.66, 1.12349
12.5, 1.20256
12.35, 1.16008
12.2, 1.07107
12.05, 0.86241
11.9, 0.660552
11.76, 0.502208
11.63, 0.39208
11.36, 0.27652
11.11, 0.189143
10.81, 0.187496
10.53, 0.453696
10.26, 1.13098
10, 2.74249
9.756, 5.46224
9.524, 9.108
9.302, 10.17
9.174, 8.50016
9.091, 5.3193
9.009, 2.65408
8.929, 1.37085
8.85, 1.09028
8.772, 1.03356
8.696, 1.00831
8.621, 0.976482
8.547, 0.910714
8.475, 0.857128
8.403, 0.79464
8.333, 0.70932
8.265, 0.637824
8.197, 0.549783
8.13, 0.444612
8.065, 0.350645
8, 0.2657
7.937, 0.202046
7.874, 0.144038
7.813, 0.0957235
7.752, 0.0667108
7.692, 0.0574294
7.634, 0
7.576, 0
7.519, 0
7.463, 0
7.407, 0.0280845
7.353, 0
7.246, 0
7.143, 0.0223236
7.042, 0
6.944, 0
6.849, 0
6.757, 0
6.667, 0.016826
6.452, 0.0159257
6.25, 0.0161566
5.882, 0.0151826
5.556, 0.0147056
5, 0.0106823
4.545, 0.00069888
4.167, 0.000295962
3.846, 0.000138384
3.7067, 0
3.5564, 0
3.507, 0
3.422, 0
3.3026, 0
3.2668, 0
3.2439, 0
2.4374, 0
2.32542, 0
2.1526, 0
2.0581, 0
1.97009, 0
1.81307, 0
1.70913, 0
1.6932, 0
1.681, 0
1.6606, 0
1.52952, 0
1.4695, 0
1.39506, 0
1.3622, 0
1.12866, 0
1.08297, 0
1.01398, 0
0.89435, 0
0.852111, 0
0.706519, 0
0.667815, 0
0.656272, 0
0.643847, 0
0.589262, 0
0.587561, 0
0.579065, 0
0.576959, 0
0.546074, 0
0.508582, 0
0.486133, 0
0.467816, 0
0.435835, 0
0.404656, 0
0.365015, 0
0.361051, 0
0.34662, 0
0.340365, 0
0.334148, 0
0.330259, 0
0.30215, 0
0.296728, 0
0.28936, 0
0.280347, 0
0.275278, 0
0.269885, 0
0.265204, 0
0.248272, 0
0.239938, 0
0.237833, 0
0.230209, 0
0.226747, 0
0.214438, 0
0.213856, 0
0.2066, 0
0.1984, 0
0.1907, 0
0.1837, 0
0.1771, 0
0.1722, 0
0.1675, 0
0.1631, 0
0.159, 1.57544e-05
0.155, 0.00108928
0.1531, 0.000418704
0.1512, 0.00160198
0.1494, 0.0048916
0.1476, 0.0111838
0.1459, 0.0198626
0.1442, 0.0302183
0.1425, 0.039785
0.1409, 0.04884
0.1393, 0.0585312
0.1378, 0.0719712
0.1362, 0.088236
0.1348, 0.10672
0.1333, 0.136007
0.1319, 0.176042
0.1305, 0.234722
0.1291, 0.32956
0.1278, 0.52122
0.1265, 0.753648
0.1252, 1.08182
0.124, 1.50518
0.1228, 2.14544
0.1215, 3.2032
0.121, 3.48624
0.1204, 3.7888
0.1198, 4.0299
0.1192, 4.00472
0.1187, 3.7506
0.1181, 3.47874
0.117, 2.72738
0.1159, 2.19385
0.1148, 1.96153
0.1137, 1.90631
0.1127, 1.97898
0.1107, 2.53598
0.1088, 2.77992
0.1069, 2.80893
0.1051, 2.71639
0.1033, 2.53995
0.1012, 2.32368
0.09919, 2.19344
0.09724, 2.1019
0.09537, 2.04379
0.09357, 2.07021
0.09184, 2.11265
0.09017, 2.0988
0.08856, 2.04424
0.087, 1.95755
0.08551, 1.84269
0.08405, 1.73665
0.08266, 1.6609
0.0813, 1.63147
0.07999, 1.63142
0.07872, 1.65627
0.07749, 1.68065
0.0763, 1.70394
0.07514, 1.71687
0.07402, 1.71972
0.07293, 1.64659
0.07187, 1.57178
0.07085, 1.4985
0.06985, 1.42545
0.06888, 1.36277
0.06701, 1.25516
0.06526, 1.16358
0.06358, 1.07765
0.06199, 1.00503
0.06, 0.856828
0.05904, 0.87662
0.059, 0.820364
0.058, 0.79242
0.057, 0.7497
0.05636, 0.76512
0.056, 0.71294
0.055, 0.670752
0.054, 0.62909
0.05391, 0.671832
0.053, 0.593652
0.052, 0.552916
0.05166, 0.56475
0.051, 0.517776
0.05, 0.4818
0.04959, 0.47645
0.049, 0.453456
0.048, 0.43632
0.047, 0.4065
0.046, 0.380722
0.045, 0.358392
0.044, 0.334108
0.043, 0.31654
0.042, 0.30204
0.041, 0.28561
0.04, 0.265512
0.039, 0.247104
0.038, 0.237284
0.037, 0.22272
0.036, 0.21048
0.035, 0.199332
0.034, 0.190032
0.033, 0.17542
0.032, 0.169388
0.031, 0.166888
0.03, 0.16434
0.029, 0.149847
0.028, 0.137625
0.027, 0.125215
0.026, 0.132205
0.025, 0.119132
0.024, 0.106606
0.023, 0.0964184
0.022, 0.0861907
0.021, 0.0820336
0.02, 0.0704317
0.019, 0.0633686
0.018, 0.0534406
0.017, 0.0466626
0.016, 0.0434282
0.015, 0.0383433
0.0138, 0.0200788
0.0136, 0.0181555
0.0134, 0.0169998
0.0132, 0.0162315
0.013, 0.0148793
0.0128, 0.0148869
0.0126, 0.0143124
0.0124, 0.0137382
0.0122, 0.0133593
0.012, 0.0127907
0.0118, 0.014787
0.0116, 0.020918
0.0114, 0.031253
0.0112, 0.0182689
0.011, 0.0177192
0.0108, 0.019499
0.0106, 0.0188947
0.0104, 0.0163527
0.0102, 0.0167705
0.01, 0.0191556
0.0098, 0.0219158
0.0096, 0.021907
0.0094, 0.0224762
0.0092, 0.0210876
0.009, 0.0195089
0.0088, 0.0175419
0.0086, 0.0159732
0.0084, 0.0149948
0.0082, 0.0144117
0.008051, 0.0144175
0.007847, 0.013815
0.007653, 0.0130904
0.007469, 0.0122475
0.007293, 0.0114817
0.007125, 0.0107738
0.006965, 0.0101247
0.006812, 0.00955401
0.00663, 0.00886446
0.006491, 0.0083518
0.006325, 0.00774002
0.006168, 0.00720693
0.006018, 0.00669309
0.005876, 0.0062383
0.00574, 0.00580303
0.00561, 0.00540709
0.005462, 0.00497135
0.005344, 0.00465431
0.005209, 0.00429745
0.005081, 0.00398016
0.004959, 0.0036825
0.004843, 0.00340458
0.004732, 0.00316633
0.004609, 0.00290809
0.004508, 0.00270936
0.004396, 0.00249073
0.00429, 0.00231179
0.004188, 0.00213279
0.004092, 0.00197562
0.003986, 0.00181246
0.003899, 0.00168307
0.003803, 0.00154968
0.003712, 0.0014302
0.003625, 0.00132065
0.003532, 0.00121109
0.003453, 0.00112342
0.003369, 0.00103374
0.003289, 0.000952016
0.003212, 0.000878258
0.003131, 0.000806481
0.003054, 0.000740672
0.002987, 0.000686817
0.00291, 0.000628973
0.002844, 0.000579101
0.002774, 0.00053321
0.002707, 0.000489309
0.002643, 0.000451394
0.002583, 0.000415468
0.00252, 0.000381534
0.00246, 0.000351592
0.002403, 0.00032364
0.002344, 0.000297684
0.002287, 0.000992996
0.002234, 0.000915121
0.002179, 0.000839236
0.002127, 0.000771328
0.002077, 0.000711409
0.002026, 0.000653483
0.001977, 0.000601549
0.001931, 0.000553601
0.001884, 0.000507655
0.001839, 0.000465697
0.001797, 0.000429733
0.001754, 0.000395766
0.00171, 0.000361797
0.001671, 0.00033382
0.001631, 0.000307843
0.001592, 0.000281862
0.001554, 0.000257881
0.001516, 0.000235896
0.001479, 0.000215909
0.001445, 0.000198521
0.00141, 0.000182331
0.001376, 0.00016714
0.001343, 0.000153746
0.001312, 0.000141153
0.001281, 0.000129359
0.00125, 0.000118364
0.00122, 0.000108369
0.001191, 9.93732e-05
0.001162, 9.07764e-05
0.001134, 8.31792e-05
0.001108, 7.61817e-05
0.001081, 6.95847e-05
0.001055, 6.37866e-05
0.00103, 5.83883e-05
0.001005, 5.33899e-05
0.0009816, 4.89907e-05
0.0009581, 4.47919e-05
0.000935, 4.07931e-05
0.0009129, 3.7394e-05
0.0008906, 3.41949e-05
0.0008694, 3.11953e-05
0.0008492, 2.8596e-05
0.0008287, 2.61966e-05
0.0008087, 2.37969e-05
0.0007897, 2.17974e-05
0.0007705, 1.98778e-05
0.0007523, 1.8158e-05
0.0007345, 1.65983e-05
0.0007166, 1.51185e-05
0.0006997, 1.37988e-05
0.0006831, 1.25989e-05
0.0006665, 3.87965e-05
0.0006508, 3.55972e-05
0.0006351, 3.27974e-05
0.0006199, 2.99979e-05



